1880 194000 201484 96.28556113636814
1881 185841 192696 96.44258313613152
1882 212832 221533 96.07236845075
1883 208508 216944 96.11143889667379
1884 232860 243461 95.64570916902501
1885 230228 240854 95.58819865976899
1886 243780 255318 95.48092966418349
1887 236036 247393 95.40932847736194
1888 284609 299473 95.03661431915398
1889 274749 288946 95.08662518256006
1890 286012 301401 94.89417752429488
1891 271874 286671 94.83833383913964
1892 315941 334376 94.4867454602005
1893 307750 325224 94.62708779179889
1894 319634 338690 94.37361599102424
1895 330252 351022 94.08299194922256
1896 336039 357485 94.00086716925186
1897 326703 346957 94.16238899921315
1898 358068 381458 93.86826334747207
1899 318998 339233 94.03507323874742
1900 419296 450278 93.11936181647782
1901 324273 345814 93.77092888084346
1902 361587 386735 93.49735607069441
1903 356151 381203 93.4281734403979
1904 375976 403489 93.18122674967594
1905 394502 423930 93.05828792489325
1906 398793 428459 93.07611696801794
1907 431702 465395 92.76034336423898
1908 452750 488651 92.65303867177188
1909 472038 511228 92.3341444521818
1910 543835 590717 92.06354311793973
1911 593316 644279 92.08991756676843
1912 903662 988066 91.4576556626784
1913 1038124 1137114 91.29462833102046
1914 1289123 1416344 91.01764825494372
1915 1663517 1832457 90.78068407607928
1916 1755139 1934435 90.73135049769054
1917 1821103 2006769 90.7480133488209
1918 1969957 2171126 90.73434706230776
1919 1911657 2110273 90.58813717466887
1920 2051452 2262672 90.66501905711478
1921 2117690 2334522 90.71193160741257
1922 2073872 2289179 90.59457560985838
1923 2089757 2302526 90.75932258745395
1924 2161445 2381670 90.753336944245
1925 2121001 2333326 90.90032854388971
1926 2088405 2295948 90.96046600358545
1927 2109792 2319310 90.96636499648602
1928 2059236 2260871 91.08153450594926
1929 2000298 2192114 91.24972515115546
1930 2030699 2223273 91.33826570106325
1931 1926626 2104141 91.5635406562583
1932 1931459 2111167 91.48774114032665
1933 1830593 1999219 91.56540629115669
1934 1903412 2076590 91.66046258529609
1935 1918392 2089659 91.80406946779355
1936 1910079 2077428 91.94441395802887
1937 1958561 2130462 91.93128063302701
1938 2037151 2212383 92.07949075725135
1939 2032018 2203297 92.22624094708975
1940 2125222 2302413 92.3041174628531
1941 2253913 2436125 92.52041664528709
1942 2531443 2731530 92.67491113039212
1943 2617658 2822224 92.75160299111621
1944 2497098 2689859 92.83378794204454
1945 2464606 2652659 92.91077368029589
1946 2975203 3195073 93.11846708979732
1947 3354692 3602059 93.13262220302333
1948 3212218 3452317 93.04527944565925
1949 3241943 3484564 93.03726377245475
1950 3257968 3503502 92.99175510674748
1951 3428898 3683732 93.08217861668547
1952 3534012 3798280 93.04242973135209
1953 3581253 3854131 92.91985664213281
1954 3695966 3979895 92.86591731691414
1955 3721740 4013766 92.72438901520418
1956 3816392 4122249 92.58033660751691
1957 3883599 4200022 92.46615851059828
1958 3813875 4131574 92.31046085583847
1959 3829920 4156341 92.1464336059048
1960 3818346 4154165 91.91608903353622
1961 3795680 4140301 91.67642642406916
1962 3695458 4035165 91.58133558355111
1963 3618234 3958659 91.40049698647951
1964 3543714 3887752 91.15072154808229
1965 3302636 3625863 91.08551536558332
1966 3155401 3475590 90.78749219556967
1967 3071480 3395045 90.46949304059298
1968 3042130 3378795 90.0359447672913
1969 3111708 3476028 89.51907176812155
1970 3206486 3607253 88.88996696378103
1971 3024100 3432509 88.10173549435704
1972 2750229 3143519 87.48886200465148
1973 2620740 3017381 86.85479228509757
1974 2628955 3040372 86.46820191739695
1975 2592019 3019889 85.83159844616806
1976 2599319 3034948 85.64624500979919
1977 2710765 3176923 85.32674540742725
1978 2704849 3174395 85.20833103630771
1979 2829613 3327503 85.03712844135678
1980 2932104 3444733 85.11846926888093
1981 2949197 3459424 85.25109960502095
1982 2991898 3507960 85.28882883499242
1983 2963215 3463143 85.56432697119351
1984 2981114 3488188 85.46311150660458
1985 3032674 3568419 84.98648841405677
1986 3006688 3556252 84.5465394465859
1987 3033445 3604738 84.15160824448267
1988 3086443 3693823 83.55687319072949
1989 3181930 3843751 82.78189716243325
1990 3249678 3951244 82.24442732466028
1991 3179273 3894531 81.63429691534103
1992 3110241 3840338 80.98873067943498
1993 3032416 3769439 80.44740875233688
1994 2973849 3716879 80.00930350436481
1995 2919206 3661471 79.72768321802903
1996 2887417 3646511 79.1830053440124
1997 2848529 3625071 78.57857128867269
1998 2863220 3677381 77.86030329737386
1999 2855324 3692840 77.32054462148373
2000 2889698 3778497 76.47744592625057
2001 2831914 3741868 75.68182522739978
2002 2810063 3736498 75.20579430257958
2003 2834098 3800447 74.57275420496589
2004 2814395 3818813 73.69816222999135
2005 2808125 3842547 73.07978275867542
2006 2850860 3953577 72.10837173526657
2007 2846231 3994837 71.24773801784654
2008 2766211 3927263 70.43610270053216
2009 2664418 3816543 69.81234064439991
2010 2570296 3691821 69.62136029888774
2011 2543767 3653166 69.63184810107178
2012 2533527 3652146 69.37091233483
2013 2535240 3639329 69.66229214231524
2014 2572502 3698914 69.54749421046286
2015 2557879 3691990 69.2818507092381
2016 2520215 3657797 68.8998049919118
2017 2442630 3561975 68.57515844440233
2018 2378973 3487353 68.21715495964992
