1880 170398 201484 84.57147962121063
1881 163130 192696 84.6566612695645
1882 186541 221533 84.2046105997752
1883 182581 216944 84.16042849767682
1884 203383 243461 83.53822583493866
1885 200488 240854 83.24046932996754
1886 212385 255318 83.18449933024698
1887 205437 247393 83.04074892984038
1888 247168 299473 82.53431861970863
1889 238593 288946 82.57356045766336
1890 247704 301401 82.18419978699474
1891 235278 286671 82.0724802997164
1892 272827 334376 81.59287747924492
1893 265693 325224 81.69538533441566
1894 275570 338690 81.36348873601229
1895 284323 351022 80.99862686669212
1896 288293 357485 80.64478229855798
1897 280186 346957 80.75525209175777
1898 306831 381458 80.43637831687892
1899 272965 339233 80.46534387869104
1900 357521 450278 79.40005951878616
1901 276339 345814 79.90972025424072
1902 307910 386735 79.61782616003207
1903 302687 381203 79.40310018546549
1904 319007 403489 79.06213056613687
1905 334339 423930 78.86655815818649
1906 338244 428459 78.94430972391757
1907 364857 465395 78.39727543269696
1908 383022 488651 78.3835498136707
1909 398085 511228 77.86838749051303
1910 457424 590717 77.4353878422324
1911 499704 644279 77.56018743432581
1912 759843 988066 76.9020490534033
1913 872777 1137114 76.7536940007774
1914 1084288 1416344 76.55541309173478
1915 1402570 1832457 76.54040449516687
1916 1478922 1934435 76.45240083021658
1917 1535282 2006769 76.5051682580307
1918 1661353 2171126 76.52034013686907
1919 1609139 2110273 76.25264598466643
1920 1731281 2262672 76.5148903597163
1921 1788910 2334522 76.62853466362706
1922 1748902 2289179 76.39865646155238
1923 1764277 2302526 76.62354301319507
1924 1824979 2381670 76.6260229166929
1925 1788042 2333326 76.63061226763855
1926 1759449 2295948 76.63278959279566
1927 1778773 2319310 76.69405987125482
1928 1735637 2260871 76.76851089690655
1929 1687158 2192114 76.96488412555186
1930 1715353 2223273 77.15440254075861
1931 1628623 2104141 77.40084908758492
1932 1630331 2111167 77.22416085510999
1933 1544464 1999219 77.25336743998531
1934 1608314 2076590 77.44976138765958
1935 1624850 2089659 77.75670575916932
1936 1619915 2077428 77.97695034436813
1937 1660988 2130462 77.96374683049969
1938 1729775 2212383 78.18605548858403
1939 1728146 2203297 78.43454604622073
1940 1811793 2302413 78.69105151855901
1941 1928033 2436125 79.14343475806865
1942 2171198 2731530 79.48651488360004
1943 2246512 2822224 79.60076875542126
1944 2142982 2689859 79.6689343196056
1945 2113149 2652659 79.66153960987825
1946 2561057 3195073 80.15644712969
1947 2891843 3602059 80.2830547750606
1948 2760256 3452317 79.95372383242906
1949 2786616 3484564 79.97029183565003
1950 2798790 3503502 79.88549742514776
1951 2949461 3683732 80.06719815665201
1952 3035616 3798280 79.92080625967543
1953 3066235 3854131 79.55710379330645
1954 3160095 3979895 79.40146662160686
1955 3172682 4013766 79.04501657545558
1956 3240727 4122249 78.61550818497378
1957 3279299 4200022 78.07813863832142
1958 3206253 4131574 77.60366872286446
1959 3202391 4156341 77.04832206982056
1960 3177766 4154165 76.49590230527676
1961 3156231 4140301 76.2319213023401
1962 3063064 4035165 75.9092626943384
1963 2988364 3958659 75.4893007960524
1964 2918062 3887752 75.05782261831516
1965 2719984 3625863 75.01618235438019
1966 2596827 3475590 74.71614891284645
1967 2521276 3395045 74.26340446150198
1968 2483437 3378795 73.50067109724029
1969 2530151 3476028 72.78856787114488
1970 2600984 3607253 72.10428544934331
1971 2444193 3432509 71.20718401612348
1972 2214829 3143519 70.45699421571811
1973 2108615 3017381 69.88229196114114
1974 2116395 3040372 69.60973854515171
1975 2082474 3019889 68.95862728729433
1976 2096044 3034948 69.06358856889806
1977 2187592 3176923 68.85882975445108
1978 2188736 3174395 68.9497053769301
1979 2290289 3327503 68.82905890693411
1980 2381275 3444733 69.1279991801977
1981 2398466 3459424 69.3313684590267
1982 2434080 3507960 69.38733622960353
1983 2424211 3463143 70.00031474299502
1984 2435770 3488188 69.82909178060356
1985 2474292 3568419 69.33860625672041
1986 2446208 3556252 68.78612651746839
1987 2461853 3604738 68.29492185007621
1988 2498711 3693823 67.6456614190772
1989 2560756 3843751 66.62127697657834
1990 2597443 3951244 65.73734752903137
1991 2523551 3894531 64.79730165198325
1992 2449465 3840338 63.78253684962105
1993 2372872 3769439 62.95026925757388
1994 2312433 3716879 62.21437394114794
1995 2253566 3661471 61.54810457327123
1996 2213530 3646511 60.70268264650785
1997 2166447 3625071 59.762884644190414
1998 2160479 3677381 58.75048030106209
1999 2134416 3692840 57.798767344374525
2000 2143453 3778497 56.72766181897193
2001 2088107 3741868 55.80386587661563
2002 2063715 3736498 55.23126199987261
2003 2072967 3800447 54.545346902614355
2004 2038967 3818813 53.392690346450586
2005 2015691 3842547 52.45715927482475
2006 2040556 3953577 51.612906489490406
2007 2023129 3994837 50.64359321794606
2008 1952938 3927263 49.72771113113637
2009 1872546 3816543 49.063930368398836
2010 1798074 3691821 48.7042573299193
2011 1770779 3653166 48.47244828184649
2012 1749293 3652146 47.897674408416314
2013 1742271 3639329 47.87341292859206
2014 1753158 3698914 47.3965601795554
2015 1739723 3691990 47.12155233356537
2016 1705820 3657797 46.63517412256613
2017 1646334 3561975 46.21969553407871
2018 1590591 3487353 45.61026658327964
