1880 104217 201484 51.724702705922056
1881 98512 192696 51.12301241333499
1882 111190 221533 50.19116790726438
1883 107665 216944 49.62801460284682
1884 118615 243461 48.72032892331831
1885 115791 240854 48.07518247569067
1886 121594 255318 47.62453097705606
1887 116728 247393 47.18322668790144
1888 139002 299473 46.41553662600635
1889 132923 288946 46.00271330975338
1890 136794 301401 45.386047159763905
1891 129028 286671 45.00908707193961
1892 149894 334376 44.827978084551525
1893 145376 325224 44.70026812289376
1894 148649 338690 43.8893973840385
1895 153154 351022 43.63088353436537
1896 154938 357485 43.341119207798926
1897 149424 346957 43.067008303622636
1898 162922 381458 42.71033770428199
1899 144377 339233 42.55983350676379
1900 187166 450278 41.56676542047357
1901 144660 345814 41.83173613561047
1902 161022 386735 41.63626255704811
1903 158459 381203 41.56814085933217
1904 166037 403489 41.15031636550191
1905 173046 423930 40.81947491331116
1906 176933 428459 41.295199774074064
1907 189685 465395 40.757850857873414
1908 200312 488651 40.992855841899434
1909 208420 511228 40.76850250768737
1910 239534 590717 40.549704850207455
1911 263459 644279 40.89206694615221
1912 399410 988066 40.42341301087175
1913 462038 1137114 40.632513538660156
1914 576911 1416344 40.73240681642313
1915 746735 1832457 40.750478728832384
1916 786820 1934435 40.674408806705834
1917 818507 2006769 40.787305364992186
1918 885999 2171126 40.80827183682568
1919 857444 2110273 40.631899285068805
1920 933711 2262672 41.26585735802627
1921 969426 2334522 41.525674206539925
1922 949819 2289179 41.49168763124247
1923 961266 2302526 41.7483233631238
1924 994244 2381670 41.74566585631091
1925 974094 2333326 41.747016919196035
1926 957844 2295948 41.71888910376019
1927 969239 2319310 41.789972017539704
1928 943671 2260871 41.73926774238778
1929 922222 2192114 42.06998358662004
1930 943122 2223273 42.42043149896572
1931 897115 2104141 42.63568838780291
1932 895403 2111167 42.41270349527063
1933 844025 1999219 42.21773602591812
1934 881522 2076590 42.45045964778796
1935 900373 2089659 43.08707784380131
1936 895093 2077428 43.086595540254585
1937 916473 2130462 43.017570836748085
1938 953620 2212383 43.103748311210126
1939 959431 2203297 43.5452415175984
1940 1015611 2302413 44.11072209894576
1941 1094450 2436125 44.925855610857404
1942 1247376 2731530 45.665835630580666
1943 1303023 2822224 46.17007721569939
1944 1243557 2689859 46.23130803510519
1945 1224197 2652659 46.14980666568903
1946 1490958 3195073 46.664285917723944
1947 1682799 3602059 46.71769673955923
1948 1596581 3452317 46.246651162103596
1949 1609763 3484564 46.196970410071394
1950 1613405 3503502 46.051208191118484
1951 1696052 3683732 46.041677299000035
1952 1738965 3798280 45.782959655422985
1953 1747744 3854131 45.34729099763345
1954 1793348 3979895 45.06018374856623
1955 1787766 4013766 44.54086262128884
1956 1800383 4122249 43.67477558973269
1957 1782047 4200022 42.429468226595
1958 1697147 4131574 41.07749250043688
1959 1671271 4156341 40.210151188268725
1960 1639950 4154165 39.47724753349951
1961 1619065 4140301 39.105007099725356
1962 1570523 4035165 38.92091153645514
1963 1545698 3958659 39.046000173291006
1964 1504350 3887752 38.6945978035636
1965 1409859 3625863 38.88340513692878
1966 1358171 3475590 39.077422826052555
1967 1326843 3395045 39.08175002098647
1968 1324150 3378795 39.19000708832587
1969 1341999 3476028 38.60725517746117
1970 1377752 3607253 38.19393871181201
1971 1287393 3432509 37.505888549745976
1972 1179334 3143519 37.51636303136708
1973 1115259 3017381 36.96115936303702
1974 1120347 3040372 36.849010581599885
1975 1103396 3019889 36.53763433026843
1976 1118291 3034948 36.847122257119395
1977 1173391 3176923 36.93482656016529
1978 1173549 3174395 36.969217756454384
1979 1230830 3327503 36.98959850674816
1980 1271936 3444733 36.92408090844776
1981 1283021 3459424 37.087705930235785
1982 1300153 3507960 37.06293686359024
1983 1309224 3463143 37.80450301936709
1984 1311714 3488188 37.604452512307255
1985 1322003 3568419 37.04730302130999
1986 1299932 3556252 36.553427597369364
1987 1306057 3604738 36.23167619949078
1988 1306679 3693823 35.374705285012304
1989 1315015 3843751 34.21176345710219
1990 1308584 3951244 33.11827869906288
1991 1249815 3894531 32.09154067588626
1992 1188127 3840338 30.93808409572282
1993 1135729 3769439 30.129921189864064
1994 1088875 3716879 29.295411553617967
1995 1041914 3661471 28.45615874057175
1996 1004576 3646511 27.548963927436393
1997 977294 3625071 26.95930645220466
1998 961183 3677381 26.137705067818644
1999 939314 3692840 25.436087130771977
2000 921754 3778497 24.394726262850018
2001 881944 3741868 23.569618169320776
2002 857215 3736498 22.9416689103005
2003 848121 3800447 22.316348576891087
2004 821621 3818813 21.515088589045863
2005 797534 3842547 20.75534795020074
2006 787120 3953577 19.90905956808227
2007 782020 3994837 19.57576742179969
2008 745528 3927263 18.9833988709185
2009 715657 3816543 18.751446007551863
2010 691284 3691821 18.724743155207147
2011 674478 3653166 18.462834702830367
2012 662534 3652146 18.140950553455422
2013 648781 3639329 17.82694007604149
2014 646772 3698914 17.485456542109386
2015 638931 3691990 17.30587027592166
2016 621146 3657797 16.981423518035584
2017 595267 3561975 16.711711901403014
2018 568790 3487353 16.310078159566867
