1880 53665 201484 26.634869270016477
1881 49280 192696 25.573961057832022
1882 54778 221533 24.726790139618025
1883 51268 216944 23.631905007743935
1884 55330 243461 22.726432570309
1885 52747 240854 21.899989205078597
1886 54580 255318 21.377262864349554
1887 50989 247393 20.610526571083255
1888 59523 299473 19.875915357978847
1889 55629 288946 19.252386259024178
1890 56213 301401 18.650568511716948
1891 52340 286671 18.257863543923172
1892 60198 334376 18.003086345909995
1893 57407 325224 17.65152633261998
1894 58292 338690 17.211018925861406
1895 59807 351022 17.03796343249141
1896 61035 357485 17.073443640991933
1897 58766 346957 16.937545574811864
1898 63877 381458 16.74548705230982
1899 56501 339233 16.655514056710285
1900 74386 450278 16.52001652312571
1901 56154 345814 16.238208979393548
1902 63168 386735 16.33366517124129
1903 62149 381203 16.30338690933702
1904 65412 403489 16.21159436812404
1905 68034 423930 16.048404217677447
1906 69670 428459 16.260599030478996
1907 75205 465395 16.159391484652822
1908 80609 488651 16.49623146171808
1909 84709 511228 16.569710579232748
1910 97808 590717 16.55750553987781
1911 109671 644279 17.022283824243843
1912 172107 988066 17.418573253203736
1913 202418 1137114 17.801029624118602
1914 256695 1416344 18.123775015109324
1915 331273 1832457 18.078077684769685
1916 351736 1934435 18.18288027253436
1917 368735 2006769 18.374561297289326
1918 400511 2171126 18.447155991867813
1919 388795 2110273 18.423919559222906
1920 429568 2262672 18.984987660606574
1921 445690 2334522 19.09127435937635
1922 437442 2289179 19.10912165453204
1923 440472 2302526 19.129946849677268
1924 459466 2381670 19.29175746430026
1925 451376 2333326 19.344746512060468
1926 442091 2295948 19.255270589752033
1927 449483 2319310 19.38003112994813
1928 438747 2260871 19.406104992279523
1929 430189 2192114 19.62438997241932
1930 441680 2223273 19.866206264367893
1931 417193 2104141 19.82723591242222
1932 415206 2111167 19.667131970137845
1933 393339 1999219 19.674632944164696
1934 407588 2076590 19.627755117765183
1935 420933 2089659 20.143621519109097
1936 412654 2077428 19.863696840516255
1937 416606 2130462 19.55472568860651
1938 429541 2212383 19.415309193751714
1939 425751 2203297 19.32335949261493
1940 445603 2302413 19.353738881773168
1941 473141 2436125 19.421868746472366
1942 532691 2731530 19.501561395994184
1943 551169 2822224 19.529597934111536
1944 526749 2689859 19.582773669549223
1945 518713 2652659 19.554454605737114
1946 627775 3195073 19.648220870070887
1947 731188 3602059 20.299167781538284
1948 690644 3452317 20.005231269318546
1949 688187 3484564 19.74958703585298
1950 680624 3503502 19.42696193694195
1951 706247 3683732 19.17205160418836
1952 714815 3798280 18.819439325168233
1953 711026 3854131 18.448412884772207
1954 718288 3979895 18.047913324346496
1955 702763 4013766 17.508818401471338
1956 692603 4122249 16.80158088460935
1957 689095 4200022 16.40693786842069
1958 662903 4131574 16.0448052001489
1959 650214 4156341 15.643904097377959
1960 637766 4154165 15.352447483429282
1961 637689 4140301 15.401996135063612
1962 614875 4035165 15.237914682547057
1963 614408 3958659 15.520609378074749
1964 608144 3887752 15.642561562568805
1965 561017 3625863 15.472647477304024
1966 532622 3475590 15.324649915553906
1967 520612 3395045 15.33446537527485
1968 513675 3378795 15.20290517773348
1969 512294 3476028 14.737913503573619
1970 524479 3607253 14.53956792052013
1971 495301 3432509 14.429707249128846
1972 471161 3143519 14.988329957604837
1973 450902 3017381 14.94348907214568
1974 455934 3040372 14.995993911271386
1975 437474 3019889 14.486426487860978
1976 431610 3034948 14.221330975028238
1977 442498 3176923 13.9285088118283
1978 434180 3174395 13.67756690644989
1979 446159 3327503 13.408222321662821
1980 450599 3444733 13.080810617252483
1981 456766 3459424 13.203527523657119
1982 468799 3507960 13.363863898106022
1983 459319 3463143 13.263067681582886
1984 463870 3488188 13.298308462731939
1985 467915 3568419 13.112669784574067
1986 458154 3556252 12.883057781057136
1987 466120 3604738 12.930759461575295
1988 452721 3693823 12.256163871414522
1989 448339 3843751 11.66410103047778
1990 436190 3951244 11.039308126757042
1991 400993 3894531 10.296310390134268
1992 365709 3840338 9.522833667244916
1993 342283 3769439 9.080475901055832
1994 324120 3716879 8.720219302269458
1995 308672 3661471 8.43027296952509
1996 293847 3646511 8.058305596774561
1997 289103 3625071 7.9750989704753374
1998 282878 3677381 7.692376721367735
1999 274490 3692840 7.4330325711376615
2000 267718 3778497 7.0853040243250165
2001 252665 3741868 6.752376085954929
2002 243909 3736498 6.527743357550306
2003 240168 3800447 6.319467157415956
2004 232575 3818813 6.0902432247926255
2005 220471 3842547 5.73762663150249
2006 210923 3953577 5.334991578512319
2007 205230 3994837 5.137381074622068
2008 194560 3927263 4.954086344612011
2009 188942 3816543 4.950605823123177
2010 186394 3691821 5.048836333072487
2011 185750 3653166 5.084630701150728
2012 186430 3652146 5.104669966644269
2013 183368 3639329 5.038511220062819
2014 180836 3698914 4.888894416036707
2015 176052 3691990 4.768485288421691
2016 169288 3657797 4.628140927448953
2017 165004 3561975 4.632373893696615
2018 159459 3487353 4.572493808341169
