1880 158665 201484 78.74818844176212
1881 151845 192696 78.80028646157679
1882 173290 221533 78.22310897247814
1883 169614 216944 78.18330997861199
1884 188404 243461 77.38570037911616
1885 185436 240854 76.99104021523414
1886 195819 255318 76.6961201325406
1887 189287 247393 76.51267416620519
1888 227285 299473 75.89498886377069
1889 218938 288946 75.77125137568957
1890 227068 301401 75.3375071748269
1891 215369 286671 75.12758528068761
1892 249466 334376 74.60643108357058
1893 242914 325224 74.69128969571742
1894 251261 338690 74.18612890844135
1895 259534 351022 73.93667633367708
1896 262573 357485 73.45007482831447
1897 255238 346957 73.5647356877077
1898 279093 381458 73.16480451320984
1899 247895 339233 73.07514304327704
1900 324747 450278 72.12144497399385
1901 250516 345814 72.4424112384114
1902 279444 386735 72.25723040324769
1903 274718 381203 72.0660645377922
1904 289093 403489 71.64829772311018
1905 302943 423930 71.460618498337
1906 306696 428459 71.58117812906252
1907 330099 465395 70.92878092802889
1908 346751 488651 70.96086982324809
1909 360022 511228 70.42298152683342
1910 413644 590717 70.02405551219958
1911 451910 644279 70.14197265470395
1912 685212 988066 69.34880868282079
1913 787702 1137114 69.27203429031742
1914 978065 1416344 69.05561078382088
1915 1265925 1832457 69.0834764471963
1916 1334115 1934435 68.96664917663297
1917 1385652 2006769 69.04890398446459
1918 1499437 2171126 69.06264307092265
1919 1450670 2110273 68.74323843407937
1920 1563707 2262672 69.10886774574485
1921 1615479 2334522 69.19956205167482
1922 1577554 2289179 68.91352751357583
1923 1589688 2302526 69.04104448766269
1924 1644390 2381670 69.04357026792125
1925 1610864 2333326 69.03724554562885
1926 1583631 2295948 68.97503776217928
1927 1601505 2319310 69.05092462844553
1928 1564373 2260871 69.19337724266444
1929 1521871 2192114 69.42481093592761
1930 1548851 2223273 69.66535373748522
1931 1469244 2104141 69.82630916844451
1932 1468391 2111167 69.55352181992235
1933 1390395 1999219 69.5469080676004
1934 1447822 2076590 69.72112935148489
1935 1463194 2089659 70.0207067277484
1936 1457979 2077428 70.18192688266453
1937 1493923 2130462 70.12202048194241
1938 1556513 2212383 70.35459050263901
1939 1557123 2203297 70.67240594436429
1940 1635412 2302413 71.03034946380167
1941 1744285 2436125 71.60080045153676
1942 1970310 2731530 72.13210178910721
1943 2039105 2822224 72.25170645561798
1944 1947723 2689859 72.40985494035189
1945 1920915 2652659 72.41469785600034
1946 2340747 3195073 73.26114301613767
1947 2644452 3602059 73.4150106924956
1948 2519509 3452317 72.98023327521777
1949 2542761 3484564 72.97214228236302
1950 2554447 3503502 72.91124708934089
1951 2693634 3683732 73.12242041494875
1952 2766417 3798280 72.83341407163242
1953 2787734 3854131 72.33106503126126
1954 2866669 3979895 72.02875955270177
1955 2874271 4013766 71.61032805599528
1956 2930660 4122249 71.09371607586054
1957 2952935 4200022 70.30760791252997
1958 2872498 4131574 69.52551255284305
1959 2862977 4156341 68.88214898633197
1960 2835150 4154165 68.24837241659877
1961 2817070 4140301 68.04022219640554
1962 2733843 4035165 67.75046373568368
1963 2672122 3958659 67.50068646983739
1964 2611963 3887752 67.18440373768698
1965 2435292 3625863 67.16447918743759
1966 2327706 3475590 66.97297437269644
1967 2259567 3395045 66.55484684297262
1968 2232336 3378795 66.06899797117019
1969 2266488 3476028 65.20338731448653
1970 2320430 3607253 64.32678827905889
1971 2178713 3432509 63.47289985255683
1972 1978932 3143519 62.9527609026699
1973 1886469 3017381 62.52007949940693
1974 1896350 3040372 62.37230181043636
1975 1866568 3019889 61.80915921081868
1976 1883239 3034948 62.05177156247817
1977 1963815 3176923 61.81500149673127
1978 1968576 3174395 62.01421058185891
1979 2061063 3327503 61.94022965569077
1980 2145453 3444733 62.28212752628433
1981 2166707 3459424 62.63201619691602
1982 2198775 3507960 62.679591557486404
1983 2197561 3463143 63.45568173188344
1984 2210415 3488188 63.368574170887584
1985 2243306 3568419 62.86554353622711
1986 2220328 3556252 62.4344956431659
1987 2235149 3604738 62.00586561353418
1988 2263840 3693823 61.28718132947897
1989 2309259 3843751 60.078267296710955
1990 2331965 3951244 59.01850151496591
1991 2257967 3894531 57.97789258835018
1992 2178237 3840338 56.71992933955292
1993 2102429 3769439 55.775647251487555
1994 2039392 3716879 54.86839899819176
1995 1976630 3661471 53.984587068967635
1996 1935728 3646511 53.08438669182679
1997 1885545 3625071 52.014015725485095
1998 1876296 3677381 51.02261636746369
1999 1852405 3692840 50.16207038485285
2000 1852096 3778497 49.01673866619452
2001 1796315 3741868 48.00583558800044
2002 1771050 3736498 47.39866045693052
2003 1773059 3800447 46.653959389513915
2004 1742888 3818813 45.63952201901481
2005 1722143 3842547 44.817747186956986
2006 1735319 3953577 43.892378977315985
2007 1717457 3994837 42.99191681663107
2008 1649438 3927263 41.99968273069565
2009 1577665 3816543 41.33754028187289
2010 1514003 3691821 41.00965350161885
2011 1488852 3653166 40.75511487843695
2012 1468675 3652146 40.21402758816323
2013 1456971 3639329 40.03405572840488
2014 1463626 3698914 39.56907351725398
2015 1448854 3691990 39.24317238129031
2016 1416031 3657797 38.71267322926887
2017 1366298 3561975 38.35787730121632
2018 1315916 3487353 37.7339489291735
