1880 182815 201484 90.73425185126362
1881 174936 192696 90.78341013824884
1882 200172 221533 90.35764423359048
1883 196043 216944 90.36571649826683
1884 218769 243461 89.85792385638767
1885 215975 240854 89.67050578358673
1886 228785 255318 89.60786156871039
1887 221417 247393 89.50010711701624
1888 266607 299473 89.02538793146627
1889 257405 288946 89.08411952406333
1890 267709 301401 88.82153675667965
1891 254392 286671 88.74005392941736
1892 295568 334376 88.39390386869871
1893 287834 325224 88.5033084889184
1894 298745 338690 88.20602911216747
1895 308493 351022 87.88423517614281
1896 313361 357485 87.65710449389485
1897 304510 346957 87.76591911966037
1898 333865 381458 87.5233970712372
1899 297285 339233 87.63445773259087
1900 389847 450278 86.57917997326096
1901 301631 345814 87.22347851735326
1902 336312 386735 86.96187311725083
1903 330857 381203 86.79286364482965
1904 348986 403489 86.49207289418051
1905 365871 423930 86.30457858608732
1906 369701 428459 86.28620241376655
1907 399869 465395 85.92034723192127
1908 419693 488651 85.88808781727654
1909 437037 511228 85.48768846776781
1910 502991 590717 85.14923389711147
1911 548728 644279 85.16931329439575
1912 834894 988066 84.49779670588808
1913 959484 1137114 84.37887494129876
1914 1192034 1416344 84.16274577362562
1915 1540180 1832457 84.04999407898794
1916 1624312 1934435 83.96829048275077
1917 1685597 2006769 83.99556700347674
1918 1823232 2171126 83.97633301798237
1919 1767658 2110273 83.76442289694272
1920 1899122 2262672 83.93271318158354
1921 1961174 2334522 84.0075184555982
1922 1920211 2289179 83.8820817419695
1923 1935815 2302526 84.07353489167984
1924 2001506 2381670 84.03792297001684
1925 1962843 2333326 84.12210724090848
1926 1932095 2295948 84.1523849843289
1927 1951696 2319310 84.1498549137459
1928 1904757 2260871 84.24881384209891
1929 1851129 2192114 84.44492394099942
1930 1879565 2223273 84.54045004819471
1931 1785464 2104141 84.85476971362661
1932 1789724 2111167 84.77415571577237
1933 1695607 1999219 84.8134696599022
1934 1765169 2076590 85.0032505212873
1935 1780870 2089659 85.22299571365471
1936 1774052 2077428 85.39655766649915
1937 1819221 2130462 85.39091520994037
1938 1892858 2212383 85.55742834762336
1939 1888561 2203297 85.71522586378505
1940 1977189 2302413 85.87464542634184
1941 2099681 2436125 86.18937862383909
1942 2361037 2731530 86.43642940037269
1943 2441886 2822224 86.52346518206919
1944 2330469 2689859 86.6390766207448
1945 2298404 2652659 86.64528686122114
1946 2781443 3195073 87.05412990563909
1947 3137085 3602059 87.09143853557092
1948 3001505 3452317 86.94175534865425
1949 3030731 3484564 86.97590286761844
1950 3044890 3503502 86.90989758247605
1951 3208009 3683732 87.08584120668931
1952 3304388 3798280 86.9969565171604
1953 3344627 3854131 86.78031442107184
1954 3448804 3979895 86.65565297576946
1955 3466990 4013766 86.37748189605473
1956 3549567 4122249 86.1075349887889
1957 3601644 4200022 85.75297938915558
1958 3526582 4131574 85.35686399420656
1959 3531981 4156341 84.97813341109403
1960 3516122 4154165 84.64088450988345
1961 3493911 4140301 84.38785006210901
1962 3397845 4035165 84.20585031838847
1963 3320394 3958659 83.87673704656046
1964 3244886 3887752 83.46432591379286
1965 3023687 3625863 83.39220207713308
1966 2885793 3475590 83.03030564594788
1967 2803998 3395045 82.59089349331158
1968 2767506 3378795 81.90807669598185
1969 2826062 3476028 81.30147398122224
1970 2905761 3607253 80.55329082822857
1971 2731844 3432509 79.58738054292066
1972 2481268 3143519 78.93281383061466
1973 2359078 3017381 78.18296728189115
1974 2365272 3040372 77.7954802899119
1975 2326496 3019889 77.03912296114194
1976 2336792 3034948 76.99611327772338
1977 2438433 3176923 76.75455149526759
1978 2437493 3174395 76.78606474619573
1979 2548729 3327503 76.59584379037373
1980 2643156 3444733 76.73035907282218
1981 2662631 3459424 76.96746626027917
1982 2702121 3507960 77.02827284233572
1983 2683044 3463143 77.47424810352908
1984 2696980 3488188 77.31750696923446
1985 2739772 3568419 76.77831555094848
1986 2711198 3556252 76.23751072758623
1987 2732555 3604738 75.80453836034685
1988 2773434 3693823 75.08302373990307
1989 2848480 3843751 74.10677746815546
1990 2899111 3951244 73.37210761977747
1991 2830320 3894531 72.67421930907727
1992 2756906 3840338 71.78810823422313
1993 2679324 3769439 71.08017930519634
1994 2619294 3716879 70.47025205824565
1995 2563395 3661471 70.00997686448972
1996 2527773 3646511 69.32031742122813
1997 2484360 3625071 68.53272666935351
1998 2485123 3677381 67.57861097340744
1999 2469199 3692840 66.86449995125703
2000 2490465 3778497 65.91152513817
2001 2435264 3741868 65.081504745758
2002 2412634 3736498 64.5693909109546
2003 2426633 3800447 63.85125223427666
2004 2396926 3818813 62.766257473199126
2005 2381652 3842547 61.981076614027096
2006 2411806 3953577 61.00313715908404
2007 2398673 3994837 60.04432721535322
2008 2320280 3927263 59.08135003945496
2009 2227182 3816543 58.356004373591496
2010 2140257 3691821 57.972935307535224
2011 2115579 3653166 57.91083679197715
2012 2099880 3652146 57.49715372824635
2013 2099291 3639329 57.683463077946506
2014 2121910 3698914 57.36575654367741
2015 2105132 3691990 57.01889766765349
2016 2065812 3657797 56.47694500268877
2017 1994507 3561975 55.99441321177155
2018 1934161 3487353 55.46215137957069
