1880 80928 201484 40.165968513628876
1881 75149 192696 38.99873375679827
1882 84234 221533 38.023229044882704
1883 80066 216944 36.90629839958699
1884 87126 243461 35.78642985940254
1885 83564 240854 34.6948773946042
1886 86883 255318 34.02932813197659
1887 82268 247393 33.25397242444208
1888 97369 299473 32.513448624750815
1889 91907 288946 31.807673406103564
1890 93607 301401 31.057295762124216
1891 87502 286671 30.523492086747527
1892 101544 334376 30.368208244610855
1893 97897 325224 30.10140703023147
1894 99631 338690 29.41657562963182
1895 102682 351022 29.25229757679006
1896 104024 357485 29.098843308110826
1897 100190 346957 28.876777237525108
1898 109341 381458 28.663968248142652
1899 96512 339233 28.45006234652879
1900 126165 450278 28.019356930607316
1901 96268 345814 27.838086370129606
1902 108315 386735 28.0075503898018
1903 107006 381203 28.070608048729937
1904 113083 403489 28.026290679547643
1905 117832 423930 27.79515486047225
1906 121626 428459 28.386846816148104
1907 130706 465395 28.084960087667465
1908 138842 488651 28.4133256659661
1909 144273 511228 28.22087209620756
1910 166251 590717 28.14393355870916
1911 185412 644279 28.77821564881053
1912 284687 988066 28.81254895928005
1913 331361 1137114 29.140525927919274
1914 417691 1416344 29.490787548787583
1915 540894 1832457 29.517418416912378
1916 571474 1934435 29.542166058823376
1917 596776 2006769 29.738151227171638
1918 647981 2171126 29.845388982491112
1919 625795 2110273 29.654693966136136
1920 684306 2262672 30.243269903901226
1921 709549 2334522 30.393759407707442
1922 698465 2289179 30.511593894579676
1923 709871 2302526 30.83009703256337
1924 735844 2381670 30.896135904638346
1925 720810 2333326 30.891954231856154
1926 704842 2295948 30.699388662112558
1927 712641 2319310 30.72642294475512
1928 693669 2260871 30.681493990590354
1929 675614 2192114 30.820203693786
1930 691760 2223273 31.11448751457873
1931 659157 2104141 31.326655390489517
1932 658748 2111167 31.203026572507053
1933 623148 1999219 31.169571717755783
1934 653745 2076590 31.481659836558972
1935 675190 2089659 32.311013423721285
1936 670414 2077428 32.27134706954946
1937 685832 2130462 32.19170302028386
1938 706300 2212383 31.924852071273374
1939 701767 2203297 31.85076728194156
1940 735822 2302413 31.958731991176215
1941 788542 2436125 32.36870029247268
1942 898664 2731530 32.89965696880503
1943 940074 2822224 33.309687678936896
1944 896667 2689859 33.33509302903981
1945 879829 2652659 33.16781388033667
1946 1078549 3195073 33.75663091265834
1947 1230954 3602059 34.17362125384398
1948 1166209 3452317 33.780472650686484
1949 1161801 3484564 33.341359205915
1950 1158122 3503502 33.056124985799926
1951 1211765 3683732 32.89503688107604
1952 1230623 3798280 32.39948081763325
1953 1238743 3854131 32.14065635029012
1954 1270592 3979895 31.9252643599894
1955 1253836 4013766 31.238393070248737
1956 1252945 4122249 30.3946947406622
1957 1226138 4200022 29.193608985857693
1958 1154498 4131574 27.94329715503099
1959 1134699 4156341 27.300430835679744
1960 1112735 4154165 26.786008740625373
1961 1098195 4140301 26.524520801748473
1962 1064862 4035165 26.38955284356402
1963 1052962 3958659 26.598956868980128
1964 1033604 3887752 26.586160845650646
1965 971398 3625863 26.790808146915644
1966 934337 3475590 26.88283140416447
1967 911766 3395045 26.855785416688143
1968 904283 3378795 26.763476328099216
1969 915697 3476028 26.343199767090486
1970 943102 3607253 26.14460366378516
1971 894820 3432509 26.068977532178355
1972 826498 3143519 26.292126753488688
1973 784448 3017381 25.99764497754841
1974 788546 3040372 25.93583943017499
1975 761680 3019889 25.222119091132157
1976 757898 3034948 24.972355374787313
1977 789071 3176923 24.837586557810813
1978 778447 3174395 24.522688575303324
1979 817141 3327503 24.557182968730608
1980 845683 3444733 24.55003043777268
1981 853240 3459424 24.66422155827097
1982 871774 3507960 24.85130959303983
1983 876368 3463143 25.30556780358189
1984 875543 3488188 25.100223955818894
1985 881403 3568419 24.700098278817595
1986 866093 3556252 24.354095266589656
1987 870741 3604738 24.15545873236834
1988 863432 3693823 23.37502365435485
1989 867703 3843751 22.574381118860195
1990 851365 3951244 21.546758438608197
1991 800711 3894531 20.55988256352305
1992 751906 3840338 19.57916204250772
1993 714294 3769439 18.949610273571214
1994 683098 3716879 18.37826843435043
1995 657488 3661471 17.956935887243134
1996 629912 3646511 17.274375423521278
1997 611103 3625071 16.857683615024367
1998 596228 3677381 16.21338664663792
1999 577262 3692840 15.631925564064513
2000 561234 3778497 14.85336629882199
2001 530850 3741868 14.18676447164892
2002 516950 3736498 13.83514724215027
2003 514561 3800447 13.539486276219614
2004 498988 3818813 13.066573304322574
2005 478945 3842547 12.464258732554216
2006 468430 3953577 11.848257919347468
2007 462493 3994837 11.577268359134553
2008 443193 3927263 11.285034895804024
2009 425624 3816543 11.152081870949706
2010 408742 3691821 11.07155520270349
2011 401298 3653166 10.984937448777307
2012 397600 3652146 10.886749872540692
2013 389544 3639329 10.70373137465725
2014 386921 3698914 10.460394591493612
2015 378589 3691990 10.254334383354234
2016 367929 3657797 10.058759411744282
2017 355563 3561975 9.982186848588213
2018 340618 3487353 9.767236067011284
