1880 131965 201484 65.49651585237537
1881 125933 192696 65.35319882094076
1882 143229 221533 64.65357305683578
1883 140007 216944 64.53600929272069
1884 154834 243461 63.597044290461305
1885 152283 240854 63.22626985642754
1886 160372 255318 62.81264932358862
1887 154856 247393 62.59514214225948
1888 185570 299473 61.96551942913051
1889 178438 288946 61.75479155274688
1890 184760 301401 61.300393827492286
1891 174654 286671 60.924892995803546
1892 202440 334376 60.54262267626863
1893 197096 325224 60.6031535188055
1894 202877 338690 59.900498981369395
1895 209338 351022 59.63671792651173
1896 212128 357485 59.338993244471794
1897 204940 346957 59.06783837766639
1898 223523 381458 58.59701461235575
1899 198288 339233 58.451860520645106
1900 259551 450278 57.64238981251582
1901 199866 345814 57.79580930789384
1902 222457 386735 57.5218172650523
1903 218490 381203 57.3159182902548
1904 229567 403489 56.89547918282778
1905 240304 423930 56.68483004269574
1906 243689 428459 56.87568705523749
1907 261982 465395 56.292396781228845
1908 275332 488651 56.34532621441478
1909 285867 511228 55.917711862417555
1910 328028 590717 55.53048244760181
1911 357822 644279 55.53836148625052
1912 540994 988066 54.75282015573858
1913 622266 1137114 54.72327312828793
1914 774985 1416344 54.71728619600887
1915 1002712 1832457 54.71953775722977
1916 1056362 1934435 54.60829647933376
1917 1097903 2006769 54.70998405895248
1918 1185684 2171126 54.61147809938254
1919 1147247 2110273 54.36486179750203
1920 1239972 2262672 54.801226160928316
1921 1283454 2334522 54.97716449020399
1922 1252070 2289179 54.695154900512364
1923 1265516 2302526 54.96207208952255
1924 1309674 2381670 54.989734094144026
1925 1282568 2333326 54.967372754600085
1926 1259614 2295948 54.86247946382061
1927 1274318 2319310 54.94384105617619
1928 1247355 2260871 55.17143614120399
1929 1213050 2192114 55.336994335148624
1930 1234828 2223273 55.540997439360794
1931 1171912 2104141 55.695507097670735
1932 1170259 2111167 55.431853567245035
1933 1106210 1999219 55.33210718785686
1934 1149616 2076590 55.36075970701968
1935 1167000 2089659 55.84643236049518
1936 1164207 2077428 56.040786973122536
1937 1192552 2130462 55.976215487532755
1938 1242612 2212383 56.16622438339112
1939 1250117 2203297 56.73846966614124
1940 1322114 2302413 57.42297320246193
1941 1418713 2436125 58.23646159371953
1942 1610992 2731530 58.97764256662017
1943 1669126 2822224 59.14222258757632
1944 1592849 2689859 59.21682140216271
1945 1564949 2652659 58.99548339986406
1946 1899218 3195073 59.44208473484017
1947 2146169 3602059 59.581728117168545
1948 2043972 3452317 59.20580294335659
1949 2067904 3484564 59.34469850460488
1950 2073735 3503502 59.19034725825759
1951 2185183 3683732 59.31981479651615
1952 2242240 3798280 59.03303600577103
1953 2253094 3854131 58.45919611969599
1954 2311099 3979895 58.06934605058676
1955 2307956 4013766 57.50101027314497
1956 2339719 4122249 56.7583132411458
1957 2352961 4200022 56.022587500732136
1958 2277276 4131574 55.11884816779271
1959 2260040 4156341 54.37571171374053
1960 2230643 4154165 53.69654310794106
1961 2213187 4140301 53.45473674498545
1962 2144992 4035165 53.15747931001582
1963 2103303 3958659 53.13170444840033
1964 2063801 3887752 53.08468750064305
1965 1940590 3625863 53.52077560569718
1966 1866775 3475590 53.711024603017044
1967 1815056 3395045 53.46191287597072
1968 1792207 3378795 53.04278596363496
1969 1811106 3476028 52.10274485706099
1970 1849304 3607253 51.26626826563039
1971 1728395 3432509 50.353691716467466
1972 1574346 3143519 50.08228039976854
1973 1492242 3017381 49.454874939558515
1974 1502125 3040372 49.405960849527624
1975 1481310 3019889 49.05180289739126
1976 1501060 3034948 49.45916701043972
1977 1569722 3176923 49.41013678959169
1978 1574563 3174395 49.60198715030738
1979 1655297 3327503 49.74592058970345
1980 1729727 3444733 50.2136740351139
1981 1753078 3459424 50.6754303606612
1982 1786354 3507960 50.9228725527087
1983 1794717 3463143 51.823358146054034
1984 1799263 3488188 51.581594799362875
1985 1824921 3568419 51.14088339962319
1986 1800629 3556252 50.63277293060222
1987 1803944 3604738 50.04369249582078
1988 1810234 3693823 49.00705854070431
1989 1834153 3843751 47.71778921163207
1990 1830965 3951244 46.338950467245255
1991 1756363 3894531 45.09819025705534
1992 1684665 3840338 43.86762311025748
1993 1616093 3769439 42.873568188794145
1994 1549940 3716879 41.700039199554254
1995 1487202 3661471 40.617609698397175
1996 1442707 3646511 39.56403806268513
1997 1404055 3625071 38.7317931152245
1998 1397228 3677381 37.99519277442289
1999 1374109 3692840 37.21008762903348
2000 1363736 3778497 36.09202283341762
2001 1318971 3741868 35.24899862849251
2002 1294385 3736498 34.641661791335096
2003 1283494 3800447 33.772185219265
2004 1247605 3818813 32.66996839070151
2005 1228122 3842547 31.961144522109947
2006 1228167 3953577 31.064704190660763
2007 1217000 3994837 30.464321823393547
2008 1160345 3927263 29.545894940063853
2009 1111371 3816543 29.119834363192034
2010 1064607 3691821 28.83690731484544
2011 1041872 3653166 28.519700446133573
2012 1029308 3652146 28.183648736934398
2013 1015634 3639329 27.90717739451421
2014 1013811 3698914 27.408342016062008
2015 998131 3691990 27.035040723295566
2016 973799 3657797 26.62255450480166
2017 936007 3561975 26.277753212754163
2018 900018 3487353 25.80805556535286
