1880 90994 90994 100
1881 91953 91953 100
1882 107707 107847 99.87018646786652
1883 112049 112319 99.75961324441991
1884 128136 129019 99.31560467838071
1885 132024 133055 99.22513246401864
1886 143016 144533 98.95041270851638
1887 144270 145981 98.82792966207931
1888 175807 178622 98.42404631008499
1889 175523 178366 98.40608636175055
1890 187057 190376 98.25660797579528
1891 182175 185480 98.21813672633168
1892 208038 212339 97.97446535963718
1893 208647 212905 98.00004696930556
1894 218144 222921 97.85708838557157
1895 227898 233627 97.54780055387434
1896 232126 237918 97.56554779377768
1897 228710 234200 97.65584970111017
1898 251733 258769 97.28097260491018
1899 227237 233023 97.51698330207748
1900 290152 299798 96.78250021681265
1901 232716 239345 97.23035785163677
1902 256278 264076 97.04706220936397
1903 253978 261971 96.94889892392669
1904 266597 275363 96.81656576954784
1905 282015 291619 96.70666177443856
1906 285715 295302 96.75349303424969
1907 307398 318566 96.49429003722933
1908 322443 334314 96.4491466106714
1909 334295 347230 96.27480344440285
1910 380558 396505 95.97810872498455
1911 401624 418309 96.01132177409522
1912 533470 558121 95.58321582595889
1913 595800 624547 95.39714384986237
1914 724782 761580 95.16820294650596
1915 933522 983865 94.88313945510816
1916 990097 1044341 94.80591109608835
1917 1024565 1081275 94.75526577420176
1918 1095578 1157638 94.63908406600336
1919 1068624 1130130 94.55761726527037
1920 1132715 1198290 94.52761852306203
1921 1165233 1233060 94.49929443822685
1922 1133954 1200983 94.41882191504793
1923 1140145 1206381 94.50952891333667
1924 1179728 1248889 94.46219800158381
1925 1150412 1217390 94.49822981953196
1926 1120818 1185399 94.5519609852885
1927 1127418 1192388 94.55127022412168
1928 1091698 1153253 94.66248949710081
1929 1058373 1116529 94.79135785993915
1930 1067975 1125917 94.85379472909638
1931 1011643 1064651 95.02109141869025
1932 1012573 1067096 94.8905253135613
1933 957015 1007851 94.95600044054132
1934 992174 1044145 95.02262616782153
1935 997031 1048509 95.09036164687188
1936 989771 1040343 95.13891091688029
1937 1011636 1063947 95.08330772115528
1938 1049919 1103371 95.15557323873838
1939 1043673 1096594 95.1740571259737
1940 1089081 1143413 95.24826112699436
1941 1151313 1208004 95.30705196340409
1942 1287181 1350627 95.30247803427592
1943 1330024 1395192 95.32910165769299
1944 1265250 1327161 95.3350799187137
1945 1245672 1307028 95.30568587666065
1946 1497746 1571238 95.32266913096552
1947 1688910 1772683 95.27422556655645
1948 1616291 1697810 95.1985793463344
1949 1628345 1710852 95.17743206308903
1950 1629219 1713065 95.1054980400627
1951 1713940 1800862 95.1733114475179
1952 1762814 1854401 95.06110059259028
1953 1786359 1881365 94.95015587087036
1954 1842181 1941805 94.86951573407217
1955 1852207 1954935 94.7451961318407
1956 1899189 2007703 94.5951169072318
1957 1932997 2044311 94.554938069599
1958 1898436 2010963 94.40432270509204
1959 1906834 2023035 94.25610530712518
1960 1899877 2022010 93.95982215716045
1961 1890907 2017637 93.71888996881005
1962 1840337 1966553 93.58186634176653
1963 1799822 1927306 93.38537834677005
1964 1763621 1894774 93.07817185585195
1965 1641485 1765043 92.99971728734087
1966 1568166 1691917 92.68575231527315
1967 1523473 1650873 92.28287094161695
1968 1505885 1640208 91.81061182484173
1969 1539829 1686959 91.2783891013356
1970 1585430 1748145 90.69213366168138
1971 1496789 1663554 89.97537801598266
1972 1360278 1521119 89.42613957224911
1973 1294313 1458162 88.76331985060645
1974 1295667 1467406 88.29642239434757
1975 1278191 1457775 87.68095213596062
1976 1281703 1465130 87.48049661122221
1977 1334343 1533114 87.03481932850394
1978 1329978 1531824 86.82315984081723
1979 1390087 1605241 86.59677892603042
1980 1438961 1660236 86.67207553624905
1981 1446243 1667829 86.71410558276658
1982 1469870 1693175 86.8114636703235
1983 1455836 1670481 87.1507068922065
1984 1464828 1683496 87.01107694939579
1985 1489909 1720530 86.5959326486606
1986 1479433 1715229 86.25279773138163
1987 1492621 1738317 85.86586911363118
1988 1517668 1780397 85.24323507622177
1989 1560312 1843317 84.64697065127702
1990 1595493 1898135 84.05582321594618
1991 1565615 1874716 83.51211596849869
1992 1529420 1843567 82.95982733472664
1993 1493957 1808705 82.59815724510078
1994 1469632 1785366 82.3154468047448
1995 1444732 1758236 82.16940160479027
1996 1432120 1752643 81.71202007482414
1997 1412008 1740316 81.1351501681304
1998 1423089 1766494 80.56008115510157
1999 1418184 1773275 79.97541272504264
2000 1436633 1815295 79.14047028168976
2001 1411215 1799834 78.40806429926316
2002 1401494 1795973 78.03536021978059
2003 1414928 1826173 77.48050157350919
2004 1407903 1835091 76.72115442776408
2005 1407738 1846525 76.23714815667267
2006 1430661 1899824 75.30492298233942
2007 1432818 1921053 74.58503227136367
2008 1399467 1889069 74.08236544033066
2009 1352770 1835062 73.717945224739
2010 1307470 1775345 73.64596740351875
2011 1294762 1756592 73.70874966981519
2012 1294051 1758171 73.60211265002096
2013 1295876 1751320 73.99424434141105
2014 1325011 1782350 74.34067382949476
2015 1321695 1780453 74.2336360465567
2016 1310606 1766212 74.20434240057251
2017 1273580 1719138 74.08247621773238
2018 1251349 1686961 74.1777077241264
