1880 69652 90994 76.54570631030617
1881 70415 91953 76.57716442095418
1882 82038 107847 76.06887535119196
1883 84822 112319 75.51883474746036
1884 96415 129019 74.72930343592805
1885 98638 133055 74.13325316598399
1886 106400 144533 73.61640594189562
1887 106761 145981 73.13348997472275
1888 129522 178622 72.51178466258355
1889 128228 178366 71.89038269625378
1890 135955 190376 71.4139387317729
1891 132086 185480 71.21306879447918
1892 150505 212339 70.87958406133589
1893 150875 212905 70.86493976186561
1894 156685 222921 70.28723179960615
1895 163489 233627 69.97864116733084
1896 165901 237918 69.73032725560907
1897 162235 234200 69.27198975234842
1898 177973 258769 68.77678547275755
1899 160565 233023 68.90521536500688
1900 203933 299798 68.02346913588482
1901 162786 239345 68.0131191376465
1902 179434 264076 67.94786349384269
1903 177717 261971 67.8384248638208
1904 186024 275363 67.55591709852085
1905 196770 291619 67.47502734732647
1906 199717 295302 67.63144171052008
1907 214340 318566 67.28276087215836
1908 225209 334314 67.3645136009859
1909 232729 347230 67.02445065230539
1910 264019 396505 66.58654998045422
1911 279787 418309 66.88524511784351
1912 371595 558121 66.57964849916057
1913 416017 624547 66.61099965254816
1914 505797 761580 66.41416528795399
1915 654140 983865 66.48676393610911
1916 691919 1044341 66.2541258075667
1917 715885 1081275 66.2074865321033
1918 764486 1157638 66.03843343083071
1919 742861 1130130 65.73234937573554
1920 787973 1198290 65.75812199050314
1921 809531 1233060 65.65219859536438
1922 783988 1200983 65.27885906794684
1923 787254 1206381 65.25749327948634
1924 812836 1248889 65.08472730562924
1925 790150 1217390 64.90524811276583
1926 769238 1185399 64.892749192466
1927 774795 1192388 64.97842983995142
1928 751697 1153253 65.18058049708087
1929 731345 1116529 65.50165736850543
1930 740563 1125917 65.77420893369582
1931 704374 1064651 66.16008438446026
1932 700390 1067096 65.63514435439735
1933 660322 1007851 65.51781959833349
1934 684908 1044145 65.59510412825806
1935 691597 1048509 65.96004421516649
1936 684212 1040343 65.76792461716953
1937 694480 1063947 65.27392811859988
1938 723069 1103371 65.53271746311984
1939 722762 1096594 65.90971681406245
1940 760847 1143413 66.54174825719141
1941 812571 1208004 67.26558852454131
1942 913152 1350627 67.60948803777801
1943 945783 1395192 67.7887344537526
1944 900986 1327161 67.88822154960853
1945 885919 1307028 67.78117989821182
1946 1076894 1571238 68.53792996350649
1947 1220849 1772683 68.87012511543237
1948 1161092 1697810 68.38762876882572
1949 1167619 1710852 68.24780869414772
1950 1163666 1713065 67.92888769544646
1951 1226419 1800862 68.10177570519006
1952 1253364 1854401 67.58861756437793
1953 1258194 1881365 66.87665604494609
1954 1288025 1941805 66.33132575104092
1955 1282138 1954935 65.58468695890144
1956 1306380 2007703 65.06838909938372
1957 1314750 2044311 64.3126217097105
1958 1275811 2010963 63.44278835562862
1959 1269037 2023035 62.729364543866026
1960 1248462 2022010 61.74361155483899
1961 1236220 2017637 61.27068446901004
1962 1196546 1966553 60.84483865931912
1963 1164552 1927306 60.42382475849709
1964 1133690 1894774 59.83246550775977
1965 1057200 1765043 59.896557760915734
1966 1008651 1691917 59.615867681452464
1967 972954 1650873 58.93572673367365
1968 958115 1640208 58.414237706437234
1969 969250 1686959 57.455456830901056
1970 987064 1748145 56.463508461826684
1971 923629 1663554 55.521431826078384
1972 836684 1521119 55.00450655076953
1973 792514 1458162 54.35020251522121
1974 795132 1467406 54.186230668267676
1975 783470 1457775 53.74423350654251
1976 794718 1465130 54.24214916082531
1977 821413 1533114 53.5780770379763
1978 822302 1531824 53.681232308672534
1979 861033 1605241 53.63886170363203
1980 901092 1660236 54.27493440691564
1981 913916 1667829 54.796744750211204
1982 930647 1693175 54.96460791117279
1983 934518 1670481 55.94304873865671
1984 940938 1683496 55.89190589107429
1985 952820 1720530 55.37944703085677
1986 943137 1715229 54.9860689155792
1987 952230 1738317 54.778846435949255
1988 963884 1780397 54.13871175923123
1989 981530 1843317 53.248030588336135
1990 986394 1898135 51.96648288978392
1991 956293 1874716 51.01001965097647
1992 915913 1843567 49.68156839431385
1993 884534 1808705 48.904271288020986
1994 858547 1785366 48.088011085682155
1995 833443 1758236 47.402225867289715
1996 815386 1752643 46.52322235617864
1997 788360 1740316 45.299819113310456
1998 777530 1766494 44.015433961281495
1999 764093 1773275 43.0893685412584
2000 762945 1815295 42.02870607807546
2001 736321 1799834 40.910495078990614
2002 722071 1795973 40.20500308189489
2003 719794 1826173 39.41543325851384
2004 703381 1835091 38.32948883733831
2005 694137 1846525 37.59153003614898
2006 696537 1899824 36.66323827891426
2007 685676 1921053 35.69271644249274
2008 657477 1889069 34.804287191203706
2009 633465 1835062 34.52008705972877
2010 609568 1775345 34.335185555483584
2011 601576 1756592 34.24676874311166
2012 595440 1758171 33.86701293560183
2013 597062 1751320 34.09211337733824
2014 605757 1782350 33.98642241983897
2015 605793 1780453 34.0246555230607
2016 595600 1766212 33.721886160891216
2017 578287 1719138 33.63819542119364
2018 561665 1686961 33.29448635742024
