1880 22429 90994 24.648877947996574
1881 22211 91953 24.154731221384836
1882 25820 107847 23.941324283475666
1883 26308 112319 23.42257320667029
1884 29860 129019 23.14387803346794
1885 30141 133055 22.653038217278567
1886 32089 144533 22.20185009651775
1887 31991 145981 21.91449572204602
1888 38151 178622 21.358511269608446
1889 37783 178366 21.18284874920108
1890 39499 190376 20.74788838929277
1891 38431 185480 20.719754151390983
1892 43814 212339 20.63398622014797
1893 44252 212905 20.784857095887837
1894 44995 222921 20.184280529873813
1895 47329 233627 20.258360549080372
1896 48273 237918 20.289763700098355
1897 47154 234200 20.134073441502988
1898 51830 258769 20.02944711306223
1899 46955 233023 20.15037142256344
1900 58414 299798 19.484452864929054
1901 46956 239345 19.618542271616285
1902 52193 264076 19.764386010088007
1903 52071 261971 19.87662756564658
1904 54983 275363 19.96746113312246
1905 58129 291619 19.933200511626474
1906 60687 295302 20.550825934128454
1907 64875 318566 20.364696797523905
1908 69697 334314 20.847765872802213
1909 73135 347230 21.062408202056275
1910 83472 396505 21.051941337435846
1911 91648 418309 21.909162843735132
1912 124098 558121 22.23496338607578
1913 141459 624547 22.649856616075333
1914 174338 761580 22.89162005304761
1915 227997 983865 23.17360613498803
1916 241693 1044341 23.143111301768293
1917 251683 1081275 23.276502277403992
1918 269548 1157638 23.28430822070457
1919 259908 1130130 22.998062169838867
1920 278567 1198290 23.24704370394479
1921 288490 1233060 23.396266199536115
1922 279640 1200983 23.284259643974977
1923 282588 1206381 23.424440537442152
1924 290916 1248889 23.293983692706078
1925 279806 1217390 22.984088911523834
1926 266956 1185399 22.52034968816407
1927 267457 1192388 22.43036662562857
1928 257928 1153253 22.36525723323503
1929 248607 1116529 22.266058472283298
1930 250972 1125917 22.290453026288795
1931 243335 1064651 22.85584665773103
1932 244923 1067096 22.952292952086786
1933 230175 1007851 22.83819731289645
1934 244442 1044145 23.410733183609555
1935 259350 1048509 24.735123875903785
1936 251604 1040343 24.184716002318467
1937 250963 1063947 23.587923082634752
1938 256673 1103371 23.26261973533834
1939 252592 1096594 23.034231447554884
1940 263947 1143413 23.084134953861817
1941 283934 1208004 23.504392369561693
1942 324070 1350627 23.994041286010127
1943 340840 1395192 24.42961255511786
1944 321260 1327161 24.20655820959175
1945 311649 1307028 23.844095153279042
1946 384314 1571238 24.459311701982767
1947 456213 1772683 25.735735041177694
1948 432603 1697810 25.480059606198573
1949 423253 1710852 24.73931117361408
1950 412869 1713065 24.101187053614428
1951 431768 1800862 23.975629448564074
1952 430475 1854401 23.213695419706955
1953 434737 1881365 23.107530968206593
1954 446956 1941805 23.01755325586246
1955 435726 1954935 22.288515986465026
1956 430428 2007703 21.438828352599963
1957 411258 2044311 20.117193518990018
1958 373613 2010963 18.578810251605823
1959 361720 2023035 17.880066335975403
1960 343034 2022010 16.96500017309509
1961 328330 2017637 16.272996579662248
1962 313554 1966553 15.944345257920839
1963 309681 1927306 16.06807637188905
1964 295047 1894774 15.57161962323739
1965 283152 1765043 16.042215402117684
1966 269873 1691917 15.95072335108637
1967 260284 1650873 15.766445995542963
1968 264751 1640208 16.141306468447905
1969 268491 1686959 15.915680226964616
1970 284436 1748145 16.270732690938107
1971 279230 1663554 16.785147942297034
1972 267616 1521119 17.593363832809924
1973 257405 1458162 17.652702511792242
1974 260999 1467406 17.786420390812086
1975 253370 1457775 17.38059714290614
1976 251982 1465130 17.198610362220418
1977 256538 1533114 16.73313269593781
1978 253377 1531824 16.540868924889544
1979 272981 1605241 17.00560850364525
1980 283889 1660236 17.09931600085771
1981 289112 1667829 17.33463082846023
1982 292118 1693175 17.25267618527323
1983 302694 1670481 18.120170178529417
1984 304011 1683496 18.058314364869297
1985 309852 1720530 18.009101846524036
1986 310329 1715229 18.09256956359763
1987 315728 1738317 18.162855221458457
1988 307921 1780397 17.295075199520106
1989 310796 1843317 16.860691894014973
1990 303002 1898135 15.963142769086497
1991 279875 1874716 14.928927901612832
1992 254241 1843567 13.790711159399144
1993 239894 1808705 13.263301643993907
1994 223369 1785366 12.511104165756489
1995 208394 1758236 11.85244756676578
1996 201066 1752643 11.47215947571753
1997 196422 1740316 11.286570944587075
1998 197063 1766494 11.155599735974194
1999 190378 1773275 10.735954660162692
2000 185485 1815295 10.217898468293033
2001 176199 1799834 9.789736164557398
2002 171932 1795973 9.57319514268867
2003 175660 1826173 9.619022951275701
2004 171136 1835091 9.325750058171502
2005 165842 1846525 8.981302717266217
2006 165946 1899824 8.734809119160513
2007 168323 1921053 8.762017497695275
2008 161013 1889069 8.523404915331309
2009 158769 1835062 8.651969252265046
2010 157459 1775345 8.86920570368013
2011 155796 1756592 8.869219488646197
2012 154683 1758171 8.797949687487735
2013 152224 1751320 8.691958065915994
2014 150816 1782350 8.461637725474795
2015 150343 1780453 8.444086982357861
2016 147123 1766212 8.329860741519138
2017 144083 1719138 8.381118909593063
2018 138766 1686961 8.225797751103908
