1880 80105 90994 88.03327691935732
1881 80989 91953 88.07651735125553
1882 94421 107847 87.55088226839875
1883 98040 112319 87.28710191508115
1884 111729 129019 86.59887303420426
1885 114759 133055 86.24929540415619
1886 124403 144533 86.0723848532861
1887 124996 145981 85.62484158897391
1888 152128 178622 85.16756054685312
1889 151448 178366 84.90855880605048
1890 160926 190376 84.53061310249191
1891 156450 185480 84.34871684278629
1892 178522 212339 84.07405139894226
1893 178852 212905 84.00554237805594
1894 186478 222921 83.65205610956347
1895 194491 233627 83.2485115162203
1896 197668 237918 83.08240654343093
1897 194523 234200 83.05849701110162
1898 213264 258769 82.41481784912412
1899 192539 233023 82.6266076739206
1900 245182 299798 81.78240014943395
1901 196262 239345 81.99962397376173
1902 216119 264076 81.83969766279404
1903 213934 261971 81.66323753392551
1904 224139 275363 81.39764601634933
1905 236986 291619 81.26562398197649
1906 240087 295302 81.30219233191784
1907 257867 318566 80.94617755818261
1908 270694 334314 80.96998630030451
1909 279775 347230 80.5733951559485
1910 317873 396505 80.16872422794164
1911 336281 418309 80.39057251935769
1912 446857 558121 80.06453797653197
1913 499877 624547 80.03833178287623
1914 608226 761580 79.8637044040022
1915 784954 983865 79.7826937638802
1916 832112 1044341 79.67818940365264
1917 861715 1081275 79.69434232734504
1918 921566 1157638 79.60744205010548
1919 898140 1130130 79.47227310132463
1920 952628 1198290 79.49895267422744
1921 981272 1233060 79.58023129450311
1922 953667 1200983 79.40720226680978
1923 959226 1206381 79.5126912642026
1924 991297 1248889 79.37430788484805
1925 963908 1217390 79.17824197668783
1926 938086 1185399 79.13672948939555
1927 943273 1192388 79.107891055596
1928 913058 1153253 79.17239322160879
1929 886425 1116529 79.3911309065864
1930 895230 1125917 79.51118954594344
1931 849562 1064651 79.79722932679347
1932 848445 1067096 79.50971608927406
1933 799316 1007851 79.30894546912192
1934 830260 1044145 79.51577606558476
1935 836899 1048509 79.81800823836515
1936 831544 1040343 79.92979238578046
1937 848610 1063947 79.76055198238258
1938 881628 1103371 79.90313321629804
1939 877946 1096594 80.06117122654328
1940 918122 1143413 80.29662073109192
1941 973973 1208004 80.62663699789073
1942 1088237 1350627 80.57272659290832
1943 1125827 1395192 80.69333826455427
1944 1070687 1327161 80.67498969605043
1945 1051922 1307028 80.48197896296024
1946 1270492 1571238 80.85929693655575
1947 1436059 1772683 81.0104795950545
1948 1369642 1697810 80.67109982860273
1949 1379211 1710852 80.61544774182688
1950 1376947 1713065 80.37914498282318
1951 1451205 1800862 80.58390926123157
1952 1489251 1854401 80.30900544164935
1953 1501531 1881365 79.8107225339049
1954 1547041 1941805 79.67025525220092
1955 1547619 1954935 79.16472926209823
1956 1582972 2007703 78.84492875689283
1957 1600502 2044311 78.29053407235983
1958 1564052 2010963 77.77626937939684
1959 1562771 2023035 77.24883652531963
1960 1548624 2022010 76.5883452604092
1961 1535058 2017637 76.08197113752375
1962 1488854 1966553 75.70881639091344
1963 1447597 1927306 75.10986838623447
1964 1409243 1894774 74.37525530749313
1965 1311254 1765043 74.29020142852045
1966 1248397 1691917 73.78594812866116
1967 1205235 1650873 73.0059186866585
1968 1183818 1640208 72.17487050422872
1969 1202592 1686959 71.28756537651478
1970 1231043 1748145 70.41995944272357
1971 1153813 1663554 69.35831358645406
1972 1044321 1521119 68.65478637766013
1973 988763 1458162 67.80885800068855
1974 987798 1467406 67.31593028786853
1975 971280 1457775 66.62756598240469
1976 976518 1465130 66.6506043832288
1977 1015506 1533114 66.23812710600777
1978 1014169 1531824 66.20662687097212
1979 1059262 1605241 65.98772396169797
1980 1101306 1660236 66.33430427963253
1981 1111358 1667829 66.6350087449013
1982 1132432 1693175 66.88215925701714
1983 1130458 1670481 67.67260447739304
1984 1134523 1683496 67.39089371165717
1985 1148664 1720530 66.76221861868146
1986 1134314 1715229 66.13192757351933
1987 1143521 1738317 65.78322595936184
1988 1159061 1780397 65.10126673994621
1989 1184183 1843317 64.24196163763476
1990 1200968 1898135 63.2709475353439
1991 1172255 1874716 62.52973783762448
1992 1135497 1843567 61.59239127192014
1993 1101786 1808705 60.91573805568073
1994 1076112 1785366 60.274027846391164
1995 1051259 1758236 59.79055143905596
1996 1032012 1752643 58.883183854327434
1997 1005953 1740316 57.80289326765944
1998 1000191 1766494 56.62011872103726
1999 986585 1773275 55.63632262339456
2000 992508 1815295 54.67474983404901
2001 964393 1799834 53.5823303704675
2002 951766 1795973 52.99444924840184
2003 950774 1826173 52.06374204415464
2004 933694 1835091 50.8799836084423
2005 925277 1846525 50.10909681699408
2006 934738 1899824 49.2012944356951
2007 923403 1921053 48.0675442062244
2008 891603 1889069 47.19801129551118
2009 857058 1835062 46.70458000874085
2010 823462 1775345 46.38321002396717
2011 815696 1756592 46.43628116261488
2012 812150 1758171 46.192890225126
2013 816782 1751320 46.638078706347216
2014 828600 1782350 46.489185625718854
2015 826665 1780453 46.430037748820105
2016 813818 1766212 46.077028125728965
2017 785987 1719138 45.71983168308768
2018 763539 1686961 45.261212322039455
