1880 37198 90994 40.87961843638042
1881 37289 91953 40.55223864365491
1882 43259 107847 40.11145418973175
1883 44362 112319 39.496434263125565
1884 50644 129019 39.25313325944241
1885 51419 133055 38.64492127315772
1886 54947 144533 38.01692347076446
1887 55271 145981 37.86177653256246
1888 66415 178622 37.18187009438927
1889 65821 178366 36.90221230503571
1890 69636 190376 36.57814010169349
1891 67417 185480 36.34731507440156
1892 77227 212339 36.36967302285497
1893 77540 212905 36.419999530306946
1894 79794 222921 35.794743429286605
1895 83295 233627 35.652985314197416
1896 84516 237918 35.52316344286687
1897 82443 234200 35.20196413321947
1898 89973 258769 34.769620781469186
1899 81162 233023 34.830038236568925
1900 101477 299798 33.84845796169421
1901 81683 239345 34.12772357893418
1902 90636 264076 34.32193762401733
1903 90181 261971 34.42403930206015
1904 94585 275363 34.349204504599385
1905 99528 291619 34.12946344373995
1906 102637 295302 34.75662203439191
1907 110279 318566 34.61731634888846
1908 117177 334314 35.04998295016063
1909 121482 347230 34.98603231287619
1910 138166 396505 34.84596663345986
1911 149565 418309 35.754669395112224
1912 200235 558121 35.87662890305149
1913 226550 624547 36.27429160655643
1914 276750 761580 36.33892696761995
1915 360119 983865 36.60248103144232
1916 379393 1044341 36.32845976553635
1917 392386 1081275 36.28919562553467
1918 418137 1157638 36.11984057192317
1919 405746 1130130 35.90259527664959
1920 435257 1198290 36.32317719416835
1921 451265 1233060 36.5971647770587
1922 435757 1200983 36.2833612132728
1923 437890 1206381 36.29781967719982
1924 450146 1248889 36.043715654473694
1925 435556 1217390 35.777852619127806
1926 422341 1185399 35.628594253917875
1927 425362 1192388 35.67311982341319
1928 411271 1153253 35.661819219199955
1929 402525 1116529 36.051459478437195
1930 409537 1125917 36.37364033050394
1931 392849 1064651 36.89932193742362
1932 390810 1067096 36.623696462173974
1933 365853 1007851 36.30030629527579
1934 383797 1044145 36.75705960379066
1935 396710 1048509 37.83563135843374
1936 388748 1040343 37.367291364482675
1937 391333 1063947 36.78124944193649
1938 406151 1103371 36.810012226168716
1939 408032 1096594 37.20903087195443
1940 433066 1143413 37.874853618071505
1941 469605 1208004 38.87445736934646
1942 536363 1350627 39.7121485058421
1943 563955 1395192 40.421318356183235
1944 534498 1327161 40.27378743046247
1945 524033 1307028 40.093479252165984
1946 635042 1571238 40.416665075564616
1947 727924 1772683 41.06340501939715
1948 686684 1697810 40.44527950712977
1949 685601 1710852 40.0736592060564
1950 677009 1713065 39.52033343743524
1951 708906 1800862 39.364815294009205
1952 722508 1854401 38.96179952448257
1953 724125 1881365 38.48934151533594
1954 743065 1941805 38.26671576188134
1955 734415 1954935 37.567233693191845
1956 736395 2007703 36.67848282340565
1957 726091 2044311 35.517638950238
1958 687092 2010963 34.16731187993016
1959 671733 2023035 33.204220391639296
1960 643884 2022010 31.843759427500355
1961 623352 2017637 30.895151109937018
1962 597102 1966553 30.362873515231982
1963 582897 1927306 30.2441335210911
1964 554557 1894774 29.26771213875639
1965 522724 1765043 29.615369143981198
1966 501257 1691917 29.626571516215037
1967 486658 1650873 29.478827262908773
1968 488555 1640208 29.786161267351456
1969 495057 1686959 29.346119259567065
1970 509238 1748145 29.130192289541203
1971 481828 1663554 28.96377274197291
1972 446989 1521119 29.38553788362383
1973 419879 1458162 28.79508586837402
1974 418448 1467406 28.516170712127387
1975 417622 1457775 28.647905197990088
1976 432983 1465130 29.552531174708047
1977 454744 1533114 29.66146026975163
1978 454004 1531824 29.63813075131347
1979 480169 1605241 29.912580104794234
1980 503005 1660236 30.297198711508482
1981 505736 1667829 30.323012730921455
1982 514301 1693175 30.374946476294536
1983 526120 1670481 31.495120267755215
1984 528961 1683496 31.420389475234867
1985 538112 1720530 31.275944040499148
1986 534840 1715229 31.18184219133422
1987 541038 1738317 31.12424258636371
1988 539045 1780397 30.27667424737292
1989 540613 1843317 29.328270720662804
1990 532576 1898135 28.057856791008017
1991 497626 1874716 26.544073875723047
1992 469640 1843567 25.474528454892067
1993 447916 1808705 24.7644585490724
1994 425332 1785366 23.823238484434004
1995 401438 1758236 22.831861024344853
1996 386447 1752643 22.04938484334802
1997 373808 1740316 21.479317549226693
1998 370480 1766494 20.972615814149385
1999 363538 1773275 20.50093753083983
2000 362400 1815295 19.963697360484108
2001 347869 1799834 19.32783801172775
2002 338385 1795973 18.84131888396986
2003 337582 1826173 18.485762301819157
2004 326478 1835091 17.79083435099404
2005 322737 1846525 17.478073678937463
2006 320275 1899824 16.858140543545087
2007 319295 1921053 16.620832428881453
2008 301673 1889069 15.969400800076652
2009 288916 1835062 15.744209187482493
2010 276626 1775345 15.581534856605336
2011 272724 1756592 15.52574530682139
2012 272973 1758171 15.525964198021693
2013 273371 1751320 15.609426032935158
2014 275463 1782350 15.45504530535529
2015 274357 1780453 15.409393002791985
2016 269695 1766212 15.269684499935455
2017 261490 1719138 15.210529928371077
2018 254007 1686961 15.057076008277607
