1880 84101 90994 92.42477525990725
1881 85075 91953 92.52009178602111
1882 99381 107847 92.14999026398509
1883 103320 112319 91.98799846864733
1884 117857 129019 91.34856106464939
1885 121269 133055 91.14200894366991
1886 131342 144533 90.87336456034262
1887 132301 145981 90.62891746186148
1888 160996 178622 90.1322345511751
1889 160571 178366 90.0233228305843
1890 170951 190376 89.79650796318863
1891 166232 185480 89.62260081949537
1892 189934 212339 89.44847625730553
1893 190319 212905 89.39151264648552
1894 198633 222921 89.1046603953867
1895 207240 233627 88.70550064846957
1896 210871 237918 88.63179751006649
1897 207551 234200 88.62126387702818
1898 227898 258769 88.07005475926405
1899 205665 233023 88.25952802942199
1900 262218 299798 87.46489302797217
1901 210312 239345 87.86981136017047
1902 231585 264076 87.69634499159334
1903 229232 261971 87.50281519710197
1904 240164 275363 87.21723688367719
1905 253900 291619 87.06565758746858
1906 257232 295302 87.10811305036877
1907 276761 318566 86.87713064168805
1908 290464 334314 86.88358848268395
1909 300645 347230 86.5838205224203
1910 341950 396505 86.24103100843621
1911 361508 418309 86.42128187536008
1912 480237 558121 86.04531992166574
1913 536981 624547 85.97927778053534
1914 653760 761580 85.84259040415976
1915 842735 983865 85.6555523369568
1916 893043 1044341 85.51258640616427
1917 924661 1081275 85.51580310281844
1918 988109 1157638 85.3556120307039
1919 964248 1130130 85.32186562607842
1920 1022547 1198290 85.33385073730065
1921 1052266 1233060 85.33777756151363
1922 1023192 1200983 85.19621010455602
1923 1028221 1206381 85.23186290235009
1924 1062518 1248889 85.07705648780636
1925 1035245 1217390 85.03807325507849
1926 1007947 1185399 85.03018814761948
1927 1013359 1192388 84.98567580351362
1928 980515 1153253 85.02167347494435
1929 951549 1116529 85.22384998508772
1930 960276 1125917 85.28834718722605
1931 911717 1064651 85.63529269215921
1932 911630 1067096 85.43092655206279
1933 860428 1007851 85.37254018699193
1934 893732 1044145 85.59462526756342
1935 899174 1048509 85.75739454787703
1936 892410 1040343 85.780362822646
1937 910850 1063947 85.6104674386976
1938 945421 1103371 85.68477873716094
1939 940591 1096594 85.77385978766982
1940 982032 1143413 85.88602718352861
1941 1040237 1208004 86.11204929785
1942 1163076 1350627 86.1137827098081
1943 1202317 1395192 86.17573781959759
1944 1144250 1327161 86.21787409364802
1945 1125299 1307028 86.09601324531685
1946 1355917 1571238 86.29609263523412
1947 1530328 1772683 86.32835086701908
1948 1462670 1697810 86.15039374252714
1949 1473886 1710852 86.14924026157728
1950 1472328 1713065 85.94700142726633
1951 1550266 1800862 86.08466389984352
1952 1592389 1854401 85.87080140703117
1953 1609768 1881365 85.56383264278861
1954 1657912 1941805 85.37994288818909
1955 1661021 1954935 84.96553593853504
1956 1699379 2007703 84.64294768698359
1957 1722233 2044311 84.24515643656957
1958 1684743 2010963 83.77792132426106
1959 1686494 2023035 83.36454880909129
1960 1675541 2022010 82.86511936142749
1961 1663414 2017637 82.44367049176834
1962 1616528 1966553 82.20108992740089
1963 1576019 1927306 81.77315901055671
1964 1538101 1894774 81.17596082699045
1965 1432332 1765043 81.14997764926973
1966 1363192 1691917 80.57085542612315
1967 1318934 1650873 79.89312321420242
1968 1297804 1640208 79.12435495985875
1969 1322439 1686959 78.39188741397983
1970 1355634 1748145 77.54699981980899
1971 1272627 1663554 76.50049231945582
1972 1153056 1521119 75.80314229195744
1973 1090120 1458162 74.75986893088697
1974 1089968 1467406 74.27855685474913
1975 1069624 1457775 73.37373737373737
1976 1072618 1465130 73.20974930552238
1977 1115464 1533114 72.75805973984974
1978 1112123 1531824 72.6012257282821
1979 1161362 1605241 72.34813962514039
1980 1204374 1660236 72.5423373544484
1981 1213458 1667829 72.75673944990764
1982 1235169 1693175 72.94987228136489
1983 1228768 1670481 73.5577357659261
1984 1235876 1683496 73.41128223648883
1985 1251711 1720530 72.75147774232359
1986 1238091 1715229 72.18225671324355
1987 1247633 1738317 71.77246727725726
1988 1263219 1780397 70.95153496663946
1989 1293151 1843317 70.15347875596004
1990 1315412 1898135 69.30023417723186
1991 1286852 1874716 68.64250371789647
1992 1248893 1843567 67.74329330043335
1993 1214908 1808705 67.17004707788169
1994 1190132 1785366 66.66039344313714
1995 1165109 1758236 66.26579139546682
1996 1148115 1752643 65.50763618146993
1997 1124878 1740316 64.63642235088341
1998 1124698 1766494 63.668373625950615
1999 1113627 1773275 62.80058084617445
2000 1121877 1815295 61.80136010951388
2001 1092647 1799834 60.70820975712204
2002 1080328 1795973 60.15279739728827
2003 1081096 1826173 59.200086738770096
2004 1066783 1835091 58.132430489823115
2005 1060958 1846525 57.45700708086812
2006 1071441 1899824 56.39685570873934
2007 1063235 1921053 55.34646883766351
2008 1029214 1889069 54.4826049233776
2009 989603 1835062 53.927496727630995
2010 952766 1775345 53.66652678775111
2011 943887 1756592 53.73399172943974
2012 941126 1758171 53.528695445437336
2013 946038 1751320 54.01856885092388
2014 961941 1782350 53.970376188739586
2015 957419 1780453 53.77389911443885
2016 943338 1766212 53.410236143792474
2017 913812 1719138 53.155244081626954
2018 892844 1686961 52.926179087720456
