1880 53175 90994 58.437918983669256
1881 53669 91953 58.36568681826585
1882 62645 107847 58.086919432158524
1883 64711 112319 57.613582742011594
1884 73749 129019 57.16134832854076
1885 75458 133055 56.71188606215475
1886 81152 144533 56.14773096801422
1887 81630 145981 55.91823593481343
1888 98447 178622 55.11471151369932
1889 97653 178366 54.74866286175616
1890 103301 190376 54.26156658402319
1891 100251 185480 54.049493206814745
1892 114156 212339 53.76120260526799
1893 114286 212905 53.67934055094995
1894 117997 222921 52.93220468237627
1895 123016 233627 52.654872938487415
1896 125293 237918 52.662261787674744
1897 122467 234200 52.29163108454312
1898 133832 258769 51.71871437459665
1899 120733 233023 51.811623745295535
1900 152335 299798 50.81254711505747
1901 121876 239345 50.92063757337735
1902 134165 264076 50.8054499462276
1903 133138 261971 50.82165583213409
1904 138957 275363 50.46320674890962
1905 146756 291619 50.32456732928925
1906 150050 295302 50.8123886732904
1907 160886 318566 50.503192431081786
1908 169831 334314 50.799846850565636
1909 175537 347230 50.55352360107134
1910 198393 396505 50.03543460990404
1911 211742 418309 50.61856187650756
1912 281493 558121 50.43583739009999
1913 316253 624547 50.637181829389945
1914 385717 761580 50.64694451009743
1915 501103 983865 50.932089260213544
1916 528880 1044341 50.642462567303205
1917 547773 1081275 50.659915377679134
1918 583247 1157638 50.38250299316367
1919 565659 1130130 50.052560324918375
1920 600225 1198290 50.09012843301704
1921 617851 1233060 50.10713185084262
1922 596721 1200983 49.68604884498781
1923 600196 1206381 49.751778252475795
1924 620754 1248889 49.70449735725113
1925 602902 1217390 49.52414591872777
1926 583053 1185399 49.186223372889636
1927 585909 1192388 49.13744519401403
1928 569466 1153253 49.37910415147414
1929 554336 1116529 49.648150652602844
1930 563304 1125917 50.03068609853124
1931 536971 1064651 50.43634017156796
1932 535482 1067096 50.181239551080694
1933 504564 1007851 50.06335261859144
1934 524534 1044145 50.235743119968966
1935 532421 1048509 50.77886789717589
1936 525589 1040343 50.52074171691452
1937 530482 1063947 49.85981444564438
1938 553294 1103371 50.14578052169216
1939 558315 1096594 50.913555974225645
1940 594536 1143413 51.99661014873891
1941 640990 1208004 53.061910391025194
1942 728251 1350627 53.919475917481286
1943 756301 1395192 54.20766460816863
1944 719641 1327161 54.2240918773231
1945 704249 1307028 53.88170720137595
1946 850703 1571238 54.142211428185924
1947 968777 1772683 54.65032383116439
1948 918900 1697810 54.12266390232122
1949 921913 1710852 53.886192376663786
1950 912685 1713065 53.27789663556257
1951 960755 1800862 53.34972918524573
1952 980446 1854401 52.871304534456144
1953 978395 1881365 52.004528626821475
1954 993672 1941805 51.17259457051557
1955 979489 1954935 50.10340497254384
1956 988622 2007703 49.241446568541264
1957 996433 2044311 48.74175211110247
1958 962266 2010963 47.85100471764026
1959 952909 2023035 47.1029418670463
1960 932279 2022010 46.10654744536377
1961 920146 2017637 45.60513115094539
1962 888010 1966553 45.15566069157557
1963 864011 1927306 44.82998548232611
1964 838378 1894774 44.24686004768906
1965 794625 1765043 45.02014965074505
1966 763690 1691917 45.1375569841783
1967 733806 1650873 44.44957304408032
1968 719993 1640208 43.8964448411421
1969 721886 1686959 42.79214847545198
1970 733693 1748145 41.969802276126984
1971 686235 1663554 41.25114063024104
1972 628424 1521119 41.313270033442485
1973 590435 1458162 40.49172862823198
1974 592567 1467406 40.38193928605989
1975 586777 1457775 40.251547735418704
1976 601579 1465130 41.05976944025445
1977 626578 1533114 40.86962874254622
1978 626265 1531824 40.88361326105349
1979 659797 1605241 41.10267554840675
1980 696228 1660236 41.935483870967744
1981 709594 1667829 42.54596844160882
1982 729104 1693175 43.06134924033251
1983 738235 1670481 44.192959991762855
1984 740052 1683496 43.95923720638481
1985 754474 1720530 43.85125513649864
1986 746998 1715229 43.550919439911524
1987 747415 1738317 42.99647302534578
1988 748098 1780397 42.01860596260272
1989 755457 1843317 40.98356386882994
1990 750686 1898135 39.54860955622229
1991 717276 1874716 38.26051519270119
1992 682687 1843567 37.030766985957115
1993 655834 1808705 36.25986548386829
1994 626060 1785366 35.06619931151372
1995 599114 1758236 34.07472034470913
1996 580806 1752643 33.13886513111912
1997 563933 1740316 32.40405765389734
1998 558389 1766494 31.610013959854943
1999 549342 1773275 30.9789513752802
2000 546924 1815295 30.128656774794177
2001 528741 1799834 29.37720923151802
2002 513961 1795973 28.617412399852338
2003 506557 1826173 27.738719168446803
2004 491359 1835091 26.775729377998147
2005 483168 1846525 26.166339475501278
2006 479870 1899824 25.258655538618314
2007 473162 1921053 24.630345961303515
2008 450030 1889069 23.822846068618986
2009 433983 1835062 23.64950067082202
2010 420894 1775345 23.707730046835966
2011 415847 1756592 23.673510980352866
2012 412870 1758171 23.482926291014923
2013 409921 1751320 23.406402028184456
2014 413346 1782350 23.191067972059358
2015 414475 1780453 23.27918793700255
2016 407657 1766212 23.080864584772385
2017 396076 1719138 23.039220818805703
2018 384830 1686961 22.81202707116525
