1880 87765 90994 96.45141437897004
1881 88774 91953 96.5427990386393
1882 103750 107847 96.20109970606508
1883 107917 112319 96.08080556272759
1884 123202 129019 95.49136173741853
1885 126950 133055 95.41167186501822
1886 137510 144533 95.1409020777262
1887 138651 145981 94.97879861077811
1888 168920 178622 94.56841822395897
1889 168559 178366 94.50175481874348
1890 179620 190376 94.35012816741606
1891 174700 185480 94.18805262022859
1892 199539 212339 93.97190341859009
1893 200030 212905 93.95270190930228
1894 209048 222921 93.77671910676877
1895 218108 233627 93.35736023661649
1896 222044 237918 93.3279533284577
1897 218913 234200 93.47267292912042
1898 240757 258769 93.03935169977858
1899 217221 233023 93.21869515026414
1900 277194 299798 92.460256572759
1901 222340 239345 92.89519313125405
1902 244757 264076 92.68430300368075
1903 242597 261971 92.60452492833177
1904 254347 275363 92.36789256363419
1905 269118 291619 92.28411043176199
1906 272545 295302 92.29365192243873
1907 293378 318566 92.09331818210356
1908 307640 334314 92.02127341361714
1909 318555 347230 91.74178498401636
1910 362630 396505 91.45660206050366
1911 383070 418309 91.5758446507247
1912 508800 558121 91.16302737220066
1913 568635 624547 91.04759129417002
1914 691655 761580 90.81843010583262
1915 890898 983865 90.55083776737662
1916 944425 1044341 90.43262689102505
1917 977788 1081275 90.4291692677626
1918 1045046 1157638 90.27398893263697
1919 1019918 1130130 90.24784759275481
1920 1080891 1198290 90.20278897428837
1921 1112027 1233060 90.18433815061717
1922 1081391 1200983 90.0421571329486
1923 1087193 1206381 90.12020248992648
1924 1124789 1248889 90.06316814384626
1925 1096965 1217390 90.10793582993125
1926 1068812 1185399 90.16474621625292
1927 1075222 1192388 90.17383603323749
1928 1041175 1153253 90.28157741623045
1929 1009850 1116529 90.44547880081933
1930 1019393 1125917 90.53891183808398
1931 966693 1064651 90.79905058089459
1932 967202 1067096 90.63870542106802
1933 914023 1007851 90.69029052905638
1934 947933 1044145 90.78557096954924
1935 952891 1048509 90.88057422492321
1936 945414 1040343 90.87522096077927
1937 965516 1063947 90.74850532968277
1938 1002142 1103371 90.82547937185225
1939 997099 1096594 90.92690640291666
1940 1040005 1143413 90.95619867886757
1941 1100710 1208004 91.11807576796103
1942 1230310 1350627 91.09176700895215
1943 1271521 1395192 91.13591534355128
1944 1209544 1327161 91.1376991939938
1945 1190595 1307028 91.09177462150772
1946 1432676 1571238 91.18134871992658
1947 1615906 1772683 91.1559483562487
1948 1545112 1697810 91.00617854765845
1949 1556393 1710852 90.97180819848823
1950 1556153 1713065 90.84027751427996
1951 1637799 1800862 90.94528064893368
1952 1684091 1854401 90.81590227787841
1953 1704969 1881365 90.62404158682659
1954 1757187 1941805 90.49245418566746
1955 1763321 1954935 90.19844649566355
1956 1806085 2007703 89.9577776194985
1957 1835334 2044311 89.77763168128529
1958 1799696 2010963 89.49423733803158
1959 1806053 2023035 89.2744317325207
1960 1797694 2022010 88.90628631905876
1961 1785349 2017637 88.48712627692692
1962 1736758 1966553 88.31483311154086
1963 1697335 1927306 88.06774845302199
1964 1659979 1894774 87.60828468197262
1965 1545388 1765043 87.55526069336554
1966 1473791 1691917 87.10776001423237
1967 1428644 1650873 86.53869801008315
1968 1408894 1640208 85.89727644298772
1969 1438024 1686959 85.24356549270018
1970 1477165 1748145 84.49899750878788
1971 1389613 1663554 83.53278583081763
1972 1259511 1521119 82.80160855265105
1973 1194412 1458162 81.91216065155997
1974 1194610 1467406 81.40964395675088
1975 1175006 1457775 80.60269931916791
1976 1177909 1465130 80.3962105751708
1977 1224335 1533114 79.85935814296916
1978 1219359 1531824 79.60176887161971
1979 1273649 1605241 79.3431640482644
1980 1320527 1660236 79.53851139235627
1981 1328534 1667829 79.65648756557177
1982 1351253 1693175 79.80586767463494
1983 1340161 1670481 80.22605465132497
1984 1348349 1683496 80.09220099127054
1985 1367196 1720530 79.46365364161043
1986 1354554 1715229 78.97219554939893
1987 1365449 1738317 78.55005732556259
1988 1384666 1780397 77.77287874558316
1989 1420358 1843317 77.05446214622879
1990 1448115 1898135 76.29146504331884
1991 1417908 1874716 75.63321591110333
1992 1380469 1843567 74.88032710500893
1993 1345158 1808705 74.37133197508714
1994 1322029 1785366 74.04806633485795
1995 1298521 1758236 73.85362374561777
1996 1283240 1752643 73.21742077536612
1997 1261666 1740316 72.49637422169307
1998 1266354 1766494 71.68742152534908
1999 1259131 1773275 71.00596354203381
2000 1271547 1815295 70.04630101443567
2001 1242267 1799834 69.02119862165065
2002 1230618 1795973 68.5209632884236
2003 1236010 1826173 67.68307274283433
2004 1224474 1835091 66.7255193339186
2005 1220380 1846525 66.09062969632147
2006 1235856 1899824 65.05107841568483
2007 1230593 1921053 64.05825346828016
2008 1195037 1889069 63.2606326185015
2009 1152818 1835062 62.82174662218497
2010 1113375 1775345 62.71316279371052
2011 1103231 1756592 62.80519323781504
2012 1100974 1758171 62.62041633037969
2013 1105132 1751320 63.10280245757486
2014 1127276 1782350 63.246612618172634
2015 1122214 1780453 63.02968963516589
2016 1109084 1766212 62.79450032045983
2017 1075423 1719138 62.55594373459257
2018 1053524 1686961 62.4509991635847
