1880 88545 110490 80.13847407005159
1881 80850 100743 80.25371489830559
1882 90505 113686 79.60962651513819
1883 83664 104625 79.96559139784947
1884 90664 114442 79.2226630083361
1885 85123 107799 78.96455440217441
1886 87397 110785 78.8888387417069
1887 80141 101412 79.02516467479194
1888 94724 120851 78.38081604620567
1889 86955 110580 78.63537710255018
1890 86674 111025 78.06710200405314
1891 78753 101191 77.8260912531747
1892 94192 122037 77.18314937273122
1893 86819 112319 77.29680641743604
1894 89090 115769 76.95497067436014
1895 89822 117395 76.51262830614591
1896 90625 119567 75.79432452097987
1897 85644 112757 75.95448619597896
1898 93510 122689 76.21710177766548
1899 80385 106210 75.68496375105921
1900 112337 150480 74.65244550770866
1901 79916 106469 75.0603462040594
1902 91760 122659 74.80902339004884
1903 88702 119232 74.39445786366076
1904 94845 128126 74.02478809921483
1905 97328 132311 73.56002146457966
1906 98102 133157 73.67393377742064
1907 106955 146829 72.84323941455708
1908 112286 154337 72.75377906788391
1909 118261 163998 72.11124525908853
1910 139547 194212 71.85292360925175
1911 163356 225970 72.29101208124973
1912 309649 429945 72.02060728697856
1913 368726 512567 71.93713212126414
1914 469151 654764 71.65192344111772
1915 608063 848592 71.6555187887701
1916 637722 890094 71.6465901354239
1917 664578 925494 71.80792095896894
1918 729133 1013488 71.94293371011793
1919 701057 980143 71.52599161550917
1920 767588 1064382 72.11583811075347
1921 796724 1101462 72.33331699141686
1922 784666 1088196 72.10704689228778
1923 794674 1096145 72.49716050340055
1924 822932 1132781 72.64705181319249
1925 812646 1115936 72.82191810283027
1926 807231 1110549 72.68756263793853
1927 820495 1126922 72.80849961221806
1928 807580 1107618 72.91141891879691
1929 786183 1075585 73.09352584872418
1930 803417 1097356 73.21388865600589
1931 761594 1039490 73.26612088620381
1932 764648 1044071 73.23716490545183
1933 727764 991368 73.41007577408188
1934 760202 1032445 73.63123459361032
1935 769377 1041150 73.89684483503818
1936 770913 1037085 74.33460131040368
1937 796121 1066515 74.64695761428578
1938 829581 1109012 74.8036089780814
1939 831014 1106703 75.08916122934518
1940 872287 1159000 75.26203623813632
1941 930322 1228121 75.75165639216331
1942 1055514 1380903 76.43650567780648
1943 1091821 1427032 76.50991708665258
1944 1045644 1362698 76.73336278471092
1945 1033435 1345631 76.79928598553393
1946 1261977 1623835 77.71583935559954
1947 1421328 1829376 77.69468933669185
1948 1356430 1754507 77.31117630194693
1949 1373242 1773712 77.4219264457815
1950 1389110 1790437 77.58496947951812
1951 1466255 1882870 77.87340602378285
1952 1512052 1943879 77.78529424928197
1953 1527328 1972766 77.42063681146168
1954 1574461 2038090 77.25178966581456
1955 1587638 2058831 77.11356590220373
1956 1620090 2114546 76.6164462726278
1957 1634966 2155711 75.84346881376956
1958 1594578 2120611 75.1942718395783
1959 1592229 2133306 74.63669065759905
1960 1584887 2132155 74.33263529152431
1961 1579423 2122664 74.40758405475384
1962 1536270 2068612 74.26573953936263
1963 1506559 2031353 74.16529771044226
1964 1477587 1992978 74.13965432633978
1965 1377695 1860820 74.03698369536012
1966 1318898 1783673 73.94281350897839
1967 1285615 1744172 73.70918693798546
1968 1271885 1738587 73.15624699828078
1969 1293591 1789069 72.30526044551664
1970 1331200 1859108 71.60423170681854
1971 1251833 1768955 70.76680865256606
1972 1140966 1622400 70.32581360946746
1973 1092387 1559219 70.0598825437607
1974 1099673 1572966 69.91079273169287
1975 1082336 1562114 69.2866205667448
1976 1088164 1569818 69.31784448897898
1977 1141659 1643809 69.45204704439506
1978 1145594 1642571 69.74395627342746
1979 1199952 1722262 69.67302303598407
1980 1244361 1784497 69.73175073984433
1981 1252791 1791595 69.92601564527698
1982 1268084 1814785 69.875164275658
1983 1262988 1792662 70.45321427017474
1984 1269327 1804692 70.33482721705421
1985 1290189 1847889 69.81961578861068
1986 1277191 1841023 69.37398392089615
1987 1282763 1866421 68.72849158898234
1988 1299001 1913426 67.88875033578513
1989 1327447 2000434 66.35795032477952
1990 1345374 2053109 65.52862025347899
1991 1301212 2019815 64.42233570896344
1992 1261118 1996771 63.157868378497085
1993 1216605 1960734 62.04844716315421
1994 1180044 1931513 61.09428204728624
1995 1142036 1903235 60.00499150131225
1996 1117856 1893868 59.025021807222046
1997 1095670 1884755 58.13328522805351
1998 1097455 1910887 57.43170579945335
1999 1087399 1919565 56.64819894090588
2000 1087760 1963202 55.407441516461375
2001 1056919 1942034 54.42330051894045
2002 1046988 1940525 53.95385269450278
2003 1048527 1974274 53.10949746590392
2004 1031698 1983722 52.008194696635925
2005 1020148 1996022 51.10905591220939
2006 1032647 2053753 50.28097341793293
2007 1024907 2073784 49.42207095820973
2008 984817 2038194 48.318118883678395
2009 939282 1981481 47.40302834092277
2010 898745 1916476 46.89570858179283
2011 880745 1896574 46.43873637411458
2012 868253 1893975 45.84289655354479
2013 855052 1888009 45.28855529820038
2014 851642 1916564 44.435875869524835
2015 836085 1911537 43.738886560919305
2016 813194 1891585 42.9900850345081
2017 779824 1842837 42.31649353686734
2018 746444 1800392 41.46008202658088
