1880 48855 110490 44.21667119196307
1881 44122 100743 43.79659132644452
1882 48566 113686 42.7194201572753
1883 44600 104625 42.6284348864994
1884 47180 114442 41.22612327641949
1885 43849 107799 40.6766296533363
1886 44742 110785 40.386333889967055
1887 40506 101412 39.942018696012305
1888 47638 120851 39.41878842541642
1889 43044 110580 38.92566467715681
1890 42595 111025 38.365233055618106
1891 38175 101191 37.72568706703166
1892 45134 122037 36.98386554897286
1893 41376 112319 36.837934810673175
1894 41579 115769 35.915486874724664
1895 41917 117395 35.70594999787044
1896 42111 119567 35.21958399892947
1897 39649 112757 35.16322711672002
1898 42816 122689 34.897994115201854
1899 36408 106210 34.279258073627716
1900 51492 150480 34.218500797448165
1901 35781 106469 33.60696540777128
1902 41181 122659 33.573565739163044
1903 39612 119232 33.222624798711756
1904 41928 128126 32.72403727580663
1905 42511 132311 32.12960373665077
1906 43081 133157 32.35353755341439
1907 46509 146829 31.67562266309789
1908 48930 154337 31.703350460356233
1909 51374 163998 31.325991780387564
1910 60627 194212 31.21691759520524
1911 71085 225970 31.457715625968046
1912 131494 429945 30.583911895707587
1913 156725 512567 30.57649048807278
1914 201803 654764 30.820723191867604
1915 258357 848592 30.44537304146162
1916 272940 890094 30.664177041975343
1917 285817 925494 30.882642134903087
1918 314505 1013488 31.03194117739924
1919 303215 980143 30.935792022184515
1920 335976 1064382 31.565359053422547
1921 349410 1101462 31.722383522990356
1922 347851 1088196 31.965840712518702
1923 353646 1096145 32.26270247093222
1924 369873 1132781 32.65176587531041
1925 367391 1115936 32.922228514896915
1926 366992 1110549 33.045997970373215
1927 373894 1126922 33.1783388734979
1928 367264 1107618 33.15800212708714
1929 359934 1075585 33.46402190435903
1930 370005 1097356 33.71786366502757
1931 351131 1039490 33.77916093468913
1932 350434 1044071 33.56419247350036
1933 331373 991368 33.42583177992431
1934 343307 1032445 33.25184392388941
1935 346232 1041150 33.2547663641166
1936 345452 1037085 33.30990227416268
1937 358389 1066515 33.60374678274567
1938 371155 1109012 33.46717618925674
1939 369905 1106703 33.424053246444615
1940 387825 1159000 33.46203623813632
1941 412337 1228121 33.57462334737375
1942 467430 1380903 33.849589724984305
1943 486977 1427032 34.12516327594616
1944 468279 1362698 34.36410708755718
1945 461746 1345631 34.31445916451092
1946 566286 1623835 34.87337075503361
1947 629076 1829376 34.38746326616289
1948 594982 1754507 33.911634436340236
1949 601030 1773712 33.88543348638336
1950 605217 1790437 33.802753182602906
1951 635950 1882870 33.77556602420773
1952 655278 1943879 33.709814242553165
1953 655577 1972766 33.23136144884898
1954 662751 2038090 32.518240116972265
1955 661862 2058831 32.147466207765476
1956 665760 2114546 31.48477261785745
1957 663444 2155711 30.776110526874888
1958 636883 2120611 30.03299520751331
1959 627989 2133306 29.437361541194747
1960 620180 2132155 29.087003524603045
1961 617098 2122664 29.071864411889965
1962 595356 2068612 28.78045762085882
1963 584040 2031353 28.751280550450858
1964 578062 1992978 29.004936331459756
1965 527688 1860820 28.35782074569276
1966 502690 1783673 28.18285638679287
1967 493156 1744172 28.274505037347236
1968 492320 1738587 28.31724843220385
1969 495428 1789069 27.691944804811886
1970 499101 1859108 26.846261755637652
1971 468916 1768955 26.508079628933466
1972 430501 1622400 26.534824950690332
1973 413001 1559219 26.487683898156707
1974 417469 1572966 26.54024308217724
1975 401162 1562114 25.680712163132778
1976 395496 1569818 25.193748574675535
1977 410027 1643809 24.943713046953754
1978 404530 1642571 24.627854747222493
1979 415197 1722262 24.107656094136665
1980 420886 1784497 23.5856938958149
1981 422584 1791595 23.587027202018312
1982 433309 1814785 23.87660246255066
1983 425590 1792662 23.74067169382739
1984 423589 1804692 23.471539741961507
1985 420521 1847889 22.756832255617084
1986 408539 1841023 22.190868881051458
1987 407850 1866421 21.851983019908154
1988 409285 1913426 21.390166120874284
1989 408673 2000434 20.429216859941395
1990 399985 2053109 19.481917423770486
1991 371751 2019815 18.405200476281244
1992 345814 1996771 17.31866097814922
1993 327249 1960734 16.690127268665712
1994 315496 1931513 16.334138056539096
1995 306639 1903235 16.11146285140826
1996 293847 1893868 15.515706480071472
1997 288247 1884755 15.29360580022337
1998 280173 1910887 14.661934483828714
1999 270616 1919565 14.09777736101669
2000 262503 1963202 13.371166084794128
2001 246534 1942034 12.69462841536245
2002 240378 1940525 12.387266332564641
2003 232665 1974274 11.784838376030885
2004 225289 1983722 11.356883676240926
2005 214383 1996022 10.740512880118557
2006 208476 2053753 10.150977259680205
2007 203924 2073784 9.833425274763426
2008 192658 2038194 9.45238775111692
2009 182196 1981481 9.19494055204163
2010 171790 1916476 8.963848229771727
2011 171046 1896574 9.018683162375947
2012 169193 1893975 8.93322245541784
2013 164599 1888009 8.718125814018896
2014 163631 1916564 8.537726890414305
2015 159073 1911537 8.321732720841919
2016 154162 1891585 8.149884884898114
2017 147541 1842837 8.006188284693655
2018 143173 1800392 7.952323716168479
