1880 110200 110490 99.73753280839895
1881 100743 100743 100
1882 113191 113686 99.56459018700632
1883 104475 104625 99.85663082437276
1884 113817 114442 99.4538718302721
1885 107314 107799 99.55008859080326
1886 110235 110785 99.50354289840682
1887 101077 101412 99.6696643395259
1888 119936 120851 99.2428693184169
1889 110025 110580 99.49810092240912
1890 110220 111025 99.27493807700968
1891 100556 101191 99.37247383660602
1892 120672 122037 98.88148676221145
1893 111390 112319 99.1728914965411
1894 114501 115769 98.90471542468191
1895 116112 117395 98.90710847991822
1896 118137 119567 98.80401783100689
1897 111556 112757 98.93487765726296
1898 121123 122689 98.72360195290531
1899 105160 106210 99.01139252424443
1900 147431 150480 97.97381711855397
1901 105362 106469 98.96026073317115
1902 120911 122659 98.57491093193325
1903 117565 119232 98.60188539989264
1904 125884 128126 98.25015999875123
1905 129883 132311 98.16492959769029
1906 130727 133157 98.17508655196498
1907 143448 146829 97.69732137384304
1908 150697 154337 97.64152471539553
1909 159633 163998 97.33838217539238
1910 188343 194212 96.9780446110436
1911 218683 225970 96.7752356507501
1912 412047 429945 95.83714196001814
1913 489942 512567 95.585942910878
1914 623720 654764 95.25874971745544
1915 806683 848592 95.06134868110941
1916 845768 890094 95.02007653124276
1917 879570 925494 95.0378932764556
1918 963653 1013488 95.08282288492809
1919 930358 980143 94.92063913122881
1920 1011352 1064382 95.01776617793236
1921 1047734 1101462 95.12211951025093
1922 1034763 1088196 95.08976324118082
1923 1043585 1096145 95.20501393520018
1924 1078839 1132781 95.23809103436587
1925 1064319 1115936 95.37455553006625
1926 1059354 1110549 95.3901178606257
1927 1075117 1126922 95.40296489020535
1928 1057662 1107618 95.48978077279351
1929 1028468 1075585 95.61940711333833
1930 1050042 1097356 95.68836366685014
1931 996212 1039490 95.8366121848214
1932 1001219 1044071 95.89568142396446
1933 951490 991368 95.9774775865269
1934 991783 1032445 96.0615819728896
1935 1001149 1041150 96.15799836719012
1936 999085 1037085 96.3358837510908
1937 1027932 1066515 96.38232936245622
1938 1070610 1109012 96.5372782260246
1939 1069374 1106703 96.6270083301482
1940 1120945 1159000 96.71656600517687
1941 1189637 1228121 96.86643254207037
1942 1340123 1380903 97.0468599170253
1943 1386037 1427032 97.12725432926521
1944 1324816 1362698 97.22007370672006
1945 1309786 1345631 97.33619394915843
1946 1582784 1623835 97.47197221392567
1947 1783279 1829376 97.48017903372515
1948 1710227 1754507 97.47621411598814
1949 1729424 1773712 97.50308956583706
1950 1746240 1790437 97.531496500575
1951 1837107 1882870 97.56950825070238
1952 1897110 1943879 97.59403748895893
1953 1924899 1972766 97.57360984526294
1954 1989378 2038090 97.60991909091355
1955 2009394 2058831 97.5987829987017
1956 2063558 2114546 97.5887022557088
1957 2103240 2155711 97.56595387786211
1958 2068831 2120611 97.55825090033015
1959 2080147 2133306 97.50813994804308
1960 2078065 2132155 97.46313002572514
1961 2067796 2122664 97.41513494363686
1962 2015391 2068612 97.42721206296783
1963 1978158 2031353 97.38130201890071
1964 1940051 1992978 97.34432592833438
1965 1810500 1860820 97.29581582313173
1966 1733579 1783673 97.19152557671725
1967 1693910 1744172 97.11828879261908
1968 1685161 1738587 96.92704477831711
1969 1729970 1789069 96.6966617833074
1970 1791677 1859108 96.37293798961653
1971 1698355 1768955 96.0089431330927
1972 1551945 1622400 95.65735946745562
1973 1486987 1559219 95.36742433230995
1974 1497281 1572966 95.18838932310044
1975 1481456 1562114 94.83661243673637
1976 1486038 1569818 94.6630755922024
1977 1554802 1643809 94.58531982730354
1978 1553263 1642571 94.56291387099857
1979 1626668 1722262 94.44950884360219
1980 1684981 1784497 94.4233024768324
1981 1692459 1791595 94.4666065712396
1982 1713811 1814785 94.43603512261784
1983 1694245 1792662 94.51000802159024
1984 1704790 1804692 94.46431856516236
1985 1741348 1847889 94.23444806479178
1986 1730151 1841023 93.97769609613785
1987 1749758 1866421 93.74937380151638
1988 1787460 1913426 93.41672999112586
1989 1856943 2000434 92.8270065395809
1990 1902308 2053109 92.65499298868204
1991 1864844 2019815 92.32746563422887
1992 1835940 1996771 91.94544592244178
1993 1794176 1960734 91.50532402661452
1994 1760049 1931513 91.12281408408849
1995 1730618 1903235 90.93033703142281
1996 1714419 1893868 90.52473562043394
1997 1698109 1884755 90.09706831922452
1998 1712779 1910887 89.63266797042421
1999 1713532 1919565 89.26668281615888
2000 1741254 1963202 88.69459179442563
2001 1714311 1942034 88.27399520296761
2002 1707155 1940525 87.97387304981899
2003 1730872 1974274 87.67131613950242
2004 1725921 1983722 87.00417699657513
2005 1729457 1996022 86.64518727749494
2006 1766856 2053753 86.0305986162893
2007 1773253 2073784 85.50808570227179
2008 1732437 2038194 84.99863114109844
2009 1674776 1981481 84.52142614539326
2010 1615251 1916476 84.28234947893947
2011 1598436 1896574 84.28018100005589
2012 1593213 1893975 84.12006494277907
2013 1592003 1888009 84.32179083892079
2014 1614953 1916564 84.2629309535189
2015 1607634 1911537 84.10164176785487
2016 1583942 1891585 83.7362317844559
2017 1536208 1842837 83.36103518650863
2018 1493831 1800392 82.97254153539896
