1880 97676 110490 88.40257036835912
1881 89218 100743 88.55999920590017
1882 100132 113686 88.07768766602749
1883 92354 104625 88.27144563918758
1884 100499 114442 87.81653588717428
1885 94483 107799 87.64738077347656
1886 97190 110785 87.72848309789232
1887 89076 101412 87.83575908176547
1888 105518 120851 87.312475693209
1889 96834 110580 87.56918068366794
1890 96756 111025 87.14793965323125
1891 88123 101191 87.08580802640552
1892 105613 122037 86.54178650737072
1893 97452 112319 86.76359298070673
1894 100045 115769 86.41778023477788
1895 101076 117395 86.09906725158652
1896 102412 119567 85.65239572791825
1897 96793 112757 85.84212066656616
1898 105506 122689 85.99466944876883
1899 91179 106210 85.84784860182657
1900 127451 150480 84.69630515683147
1901 90942 106469 85.41641228902309
1902 104395 122659 85.10993893640092
1903 101283 119232 84.94615539452496
1904 108516 128126 84.69475360192311
1905 111489 132311 84.26283528958287
1906 111981 133157 84.09696824049806
1907 122770 146829 83.6142723848831
1908 128826 154337 83.47058709188335
1909 135985 163998 82.91869413041623
1910 160758 194212 82.77449385207916
1911 187098 225970 82.79771651104129
1912 354256 429945 82.3956552582307
1913 421631 512567 82.25870959308735
1914 537051 654764 82.02207207482391
1915 695351 848592 81.94173407244
1916 729212 890094 81.92527980190856
1917 759269 925494 82.03932170278792
1918 832465 1013488 82.13861436938572
1919 801083 980143 81.73123717661606
1920 874208 1064382 82.13291844469373
1921 906354 1101462 82.28645200651498
1922 894090 1088196 82.16258835724447
1923 904756 1096145 82.53980997039625
1924 936180 1132781 82.64439463585636
1925 924983 1115936 82.88853482636998
1926 921471 1110549 82.9743667321298
1927 935817 1126922 83.04186092737564
1928 921576 1107618 83.20341489574926
1929 897119 1075585 83.40754101256526
1930 916781 1097356 83.54453796215631
1931 870748 1039490 83.76684720391731
1932 875217 1044071 83.82734507519125
1933 832580 991368 83.98294074450658
1934 868505 1032445 84.12118805360092
1935 878575 1041150 84.38505498727369
1936 878882 1037085 84.74541623878467
1937 905888 1066515 84.93907727505004
1938 944960 1109012 85.20737377052728
1939 945230 1106703 85.40954528902515
1940 992075 1159000 85.59749784296807
1941 1056225 1228121 86.00333354775303
1942 1194377 1380903 86.49246181665185
1943 1236493 1427032 86.64788175738175
1944 1183520 1362698 86.85123189437425
1945 1171024 1345631 87.02415446730939
1946 1421868 1623835 87.56234469635153
1947 1602458 1829376 87.59587968793731
1948 1534126 1754507 87.43914957307095
1949 1552339 1773712 87.51922521807374
1950 1568101 1790437 87.58202606402794
1951 1653004 1882870 87.79172221130509
1952 1707336 1943879 87.83139279759698
1953 1729948 1972766 87.69149508862176
1954 1785486 2038090 87.60584665054046
1955 1800048 2058831 87.43058560901792
1956 1843519 2114546 87.18273331485813
1957 1872113 2155711 86.84434045194371
1958 1833711 2120611 86.47088032647194
1959 1835704 2133306 86.04972751213374
1960 1831902 2132155 85.91786244433449
1961 1822473 2122664 85.85781828871644
1962 1773271 2068612 85.72274549311327
1963 1737066 2031353 85.51275922993197
1964 1700156 1992978 85.3073139793816
1965 1585879 1860820 85.22473963091541
1966 1517808 1783673 85.09452124913031
1967 1480517 1744172 84.8836582630612
1968 1465496 1738587 84.2923592549582
1969 1499417 1789069 83.80990336314585
1970 1545983 1859108 83.15724530258596
1971 1455908 1768955 82.30328075049958
1972 1323823 1622400 81.59658530571993
1973 1264182 1559219 81.07789861462695
1974 1271085 1572966 80.80816750012397
1975 1252610 1562114 80.18684935926571
1976 1259017 1569818 80.20146284473742
1977 1317252 1643809 80.13412750508118
1978 1319352 1642571 80.32237267064863
1979 1379988 1722262 80.12648482054414
1980 1430560 1784497 80.16600756403626
1981 1440233 1791595 80.38831320694688
1982 1458457 1814785 80.36527742955776
1983 1446340 1792662 80.6811323049186
1984 1454164 1804692 80.57685189494939
1985 1480527 1847889 80.11990979977693
1986 1465289 1841023 79.59102086177087
1987 1475873 1866421 79.07503183901167
1988 1499649 1913426 78.37507172997545
1989 1542839 2000434 77.12521382859919
1990 1568738 2053109 76.40792573604227
1991 1527821 2019815 75.64163054537173
1992 1491957 1996771 74.71848299078863
1993 1448760 1960734 73.88865598291252
1994 1414727 1931513 73.24449796610222
1995 1382977 1903235 72.66454221365201
1996 1364504 1893868 72.04852714127912
1997 1343867 1884755 71.30194640682741
1998 1345413 1910887 70.40777398140236
1999 1338481 1919565 69.72834991261041
2000 1350224 1963202 68.77662105071205
2001 1322773 1942034 68.11276218644988
2002 1312544 1940525 67.63860295538578
2003 1325374 1974274 67.13222176860963
2004 1312150 1983722 66.14586116401391
2005 1301859 1996022 65.22267790635574
2006 1319882 2053753 64.26683247693369
2007 1313984 2073784 63.3616615809554
2008 1269410 2038194 62.28111749911932
2009 1215825 1981481 61.359407433127046
2010 1167714 1916476 60.93026993293942
2011 1149858 1896574 60.6281642582889
2012 1134618 1893975 59.90670415396191
2013 1127625 1888009 59.7256157147556
2014 1133268 1916564 59.13019340862085
2015 1118634 1911537 58.52013327495099
2016 1092773 1891585 57.77022972797945
2017 1052795 1842837 57.12903528635468
2018 1015182 1800392 56.386720225373146
