1880 66714 110490 60.38012489818083
1881 60436 100743 59.990272276982026
1882 67013 113686 58.94569252150661
1883 61729 104625 59.00023894862605
1884 65834 114442 57.526083081386204
1885 61460 107799 57.01351589532371
1886 62957 110785 56.82809044545741
1887 57115 101412 56.31976491933893
1888 67187 120851 55.59490612407013
1889 61245 110580 55.385241454150844
1890 60966 111025 54.91195676649403
1891 54791 101191 54.146119714203834
1892 65455 122037 53.635372878717114
1893 59961 112319 53.384556486435955
1894 60840 115769 52.55292867693424
1895 61373 117395 52.279057881511136
1896 61628 119567 51.542649727767696
1897 58187 112757 51.603891554404605
1898 62884 122689 51.254798718711534
1899 53631 106210 50.495245268807075
1900 75798 150480 50.37081339712919
1901 53258 106469 50.02207215245752
1902 60957 122659 49.69631254127296
1903 58578 119232 49.12942834138486
1904 62201 128126 48.546743049810345
1905 63371 132311 47.89548865929515
1906 63982 133157 48.05004618608109
1907 69260 146829 47.17051808566428
1908 72664 154337 47.08138683530197
1909 76532 163998 46.66642276125319
1910 90370 194212 46.531625234280064
1911 104932 225970 46.436252599902645
1912 195850 429945 45.552338089755665
1913 232540 512567 45.36772753610748
1914 297484 654764 45.43377461192124
1915 383939 848592 45.24423987027924
1916 403886 890094 45.37565695308585
1917 422660 925494 45.668583480822136
1918 464749 1013488 45.85638902483305
1919 448481 980143 45.75669060535044
1920 496442 1064382 46.64133741457484
1921 517089 1101462 46.94569581156681
1922 513908 1088196 47.22568360846759
1923 523376 1096145 47.74696778254702
1924 544040 1132781 48.02693548002659
1925 538538 1115936 48.258860723195596
1926 535503 1110549 48.219664328183626
1927 543877 1126922 48.26216898773828
1928 532400 1107618 48.06711339107888
1929 519697 1075585 48.31761320583682
1930 532795 1097356 48.5526119144562
1931 502637 1039490 48.35419292152883
1932 503573 1044071 48.23168156188612
1933 477072 991368 48.1225942334229
1934 496706 1032445 48.10968138738625
1935 503663 1041150 48.375642318590025
1936 506181 1037085 48.80805334181865
1937 525140 1066515 49.238876152702964
1938 547030 1109012 49.32588646470913
1939 549118 1106703 49.61746737833005
1940 580224 1159000 50.062467644521135
1941 623147 1228121 50.73987009423339
1942 710171 1380903 51.42801485694506
1943 737582 1427032 51.68643730483969
1944 708479 1362698 51.990903340285236
1945 698684 1345631 51.92240666274781
1946 855513 1623835 52.6847247411221
1947 954875 1829376 52.196759988105235
1948 909378 1754507 51.830970181367185
1949 923412 1773712 52.060988480655254
1950 936094 1790437 52.282990130342476
1951 987146 1882870 52.42773000791345
1952 1016076 1943879 52.27053741513746
1953 1019516 1972766 51.679520024169115
1954 1043381 2038090 51.19405914360995
1955 1044623 2058831 50.73864731976544
1956 1054723 2114546 49.87940673790024
1957 1051086 2155711 48.75820552940538
1958 1008690 2120611 47.566008098609316
1959 998549 2133306 46.807584097171244
1960 996066 2132155 46.716397260049106
1961 994866 2122664 46.8687460662639
1962 971029 2068612 46.9410890007406
1963 958619 2031353 47.191157814520665
1964 947040 1992978 47.518838642473725
1965 884432 1860820 47.52915381391
1966 854085 1783673 47.88349658261352
1967 837784 1744172 48.033336161800555
1968 828977 1738587 47.681076644424465
1969 838962 1789069 46.89377547763669
1970 862725 1859108 46.405319110024806
1971 801032 1768955 45.282779946352505
1972 727280 1622400 44.827416173570015
1973 687300 1559219 44.07976044417109
1974 686627 1572966 43.65173818124486
1975 666256 1562114 42.65092048339622
1976 669431 1569818 42.643860625881466
1977 703327 1643809 42.78641861676144
1978 697256 1642571 42.449063084639874
1979 724986 1722262 42.094989031866234
1980 750197 1784497 42.03968961561718
1981 755874 1791595 42.19000387922493
1982 769568 1814785 42.405464008133194
1983 772331 1792662 43.08291245086915
1984 774151 1804692 42.89657182499839
1985 773890 1847889 41.87968000242439
1986 752277 1841023 40.86190123643213
1987 748953 1866421 40.12776324312682
1988 749766 1913426 39.18447852177194
1989 755627 2000434 37.77315322575001
1990 755649 2053109 36.80510873996461
1991 728236 2019815 36.054589157917924
1992 700799 1996771 35.09661348246744
1993 670903 1960734 34.21693100644963
1994 647144 1931513 33.50451174804415
1995 624064 1903235 32.78964499917246
1996 600949 1893868 31.731303343210826
1997 583635 1884755 30.966093736321167
1998 567365 1910887 29.69118529771776
1999 551830 1919565 28.747658974819817
2000 535697 1963202 27.286901704460366
2001 509170 1942034 26.21838752565609
2002 494103 1940525 25.462336223444687
2003 484656 1974274 24.54856823318344
2004 469386 1983722 23.661884074482213
2005 452110 1996022 22.650551947824223
2006 443815 2053753 21.6099501741446
2007 433457 2073784 20.901742900899997
2008 413382 2038194 20.281778868939856
2009 393190 1981481 19.843238466581308
2010 375630 1916476 19.600036734089027
2011 368665 1896574 19.438471686314376
2012 361011 1893975 19.061022452777888
2013 351619 1888009 18.623798933161865
2014 348454 1916564 18.181182574649217
2015 339557 1911537 17.76355885342528
2016 327596 1891585 17.31859789541575
2017 314325 1842837 17.056581781242723
2018 300094 1800392 16.6682589125035
