1880 102168 110490 92.46809666033126
1881 93242 100743 92.55432139205702
1882 104805 113686 92.18813222384462
1883 96575 104625 92.30585424133811
1884 105273 114442 91.98808129882386
1885 98971 107799 91.81068470022913
1886 101956 110785 92.0305095455161
1887 93326 101412 92.02658462509368
1888 110687 120851 91.58964344523422
1889 101367 110580 91.66847531199132
1890 101480 111025 91.40283719882909
1891 92423 101191 91.33519779427024
1892 110878 122037 90.8560518531265
1893 102425 112319 91.19116088996519
1894 105002 115769 90.69958278986603
1895 106251 117395 90.50726180842456
1896 107861 119567 90.209673237599
1897 101848 112757 90.32521262538025
1898 110747 122689 90.26644605465852
1899 95920 106210 90.31164673759532
1900 134233 150480 89.203216374269
1901 95890 106469 90.06377443199429
1902 110007 122659 89.68522489177313
1903 106855 119232 89.61939747718733
1904 114431 128126 89.31130293617221
1905 117797 132311 89.03039051930679
1906 118404 133157 88.92059749018077
1907 129842 146829 88.43075959108896
1908 136204 154337 88.25103507260087
1909 143985 163998 87.79680240002928
1910 170199 194212 87.63567647725166
1911 197984 225970 87.61517015533036
1912 374488 429945 87.10137343148541
1913 445508 512567 86.91702743251126
1914 567429 654764 86.66160631922341
1915 733977 848592 86.49350924826065
1916 770175 890094 86.52737800726665
1917 801136 925494 86.56306793993262
1918 878857 1013488 86.71607359929274
1919 846864 980143 86.40208622619352
1920 923016 1064382 86.71849016612457
1921 956826 1101462 86.86872538498831
1922 944507 1088196 86.79566916254056
1923 954816 1096145 87.1067240191763
1924 988126 1132781 87.23010008112777
1925 976617 1115936 87.51550268115734
1926 972713 1110549 87.58848101254425
1927 987129 1126922 87.59514855509077
1928 972014 1107618 87.75715093109719
1929 945985 1075585 87.95074308399616
1930 966749 1097356 88.09802835178374
1931 917773 1039490 88.29070024723663
1932 922032 1044071 88.31123553857927
1933 876628 991368 88.42609404378597
1934 914349 1032445 88.56152143697727
1935 924472 1041150 88.79335350333766
1936 923828 1037085 89.07929436834975
1937 951710 1066515 89.23550067275191
1938 991886 1109012 89.43870760641003
1939 991672 1106703 89.6059737797765
1940 1040430 1159000 89.76962899050906
1941 1106838 1228121 90.12450727574888
1942 1249902 1380903 90.51338146126122
1943 1293872 1427032 90.66874463922323
1944 1237781 1362698 90.8331119587759
1945 1224825 1345631 91.02235308193703
1946 1485102 1623835 91.45645955408031
1947 1674124 1829376 91.51339035824238
1948 1604294 1754507 91.43844966135786
1949 1622608 1773712 91.48091685685162
1950 1639056 1790437 91.54502504137258
1951 1726574 1882870 91.69905516578415
1952 1783339 1943879 91.74125549995654
1953 1808224 1972766 91.65932502891879
1954 1867330 2038090 91.62156725169154
1955 1883935 2058831 91.50508225298725
1956 1932529 2114546 91.39214753426977
1957 1966481 2155711 91.22192167688526
1958 1931125 2120611 91.06455639435993
1959 1938497 2133306 90.86821112395502
1960 1935109 2132155 90.7583641902207
1961 1923771 2122664 90.63002905782544
1962 1871765 2068612 90.48410238362729
1963 1834480 2031353 90.30828221387421
1964 1797175 1992978 90.17535567377061
1965 1675407 1860820 90.03595189217657
1966 1602575 1783673 89.84690579495232
1967 1564041 1744172 89.67240616177762
1968 1550834 1738587 89.20082802873827
1969 1588310 1789069 88.77857701407828
1970 1639422 1859108 88.18325777738572
1971 1546688 1768955 87.43512412695631
1972 1407649 1622400 86.76337524654832
1973 1345499 1559219 86.29313778244108
1974 1352560 1572966 85.98787259228745
1975 1334549 1562114 85.43224118086133
1976 1339968 1569818 85.35817527891768
1977 1401246 1643809 85.24384523992751
1978 1402478 1642571 85.38309759517244
1979 1468278 1722262 85.25288254632571
1980 1522185 1784497 85.3005076500549
1981 1531420 1791595 85.47802377211367
1982 1549613 1814785 85.3882415823362
1983 1534145 1792662 85.57915546823662
1984 1542315 1804692 85.4613972910613
1985 1571468 1847889 85.04125518361762
1986 1556782 1841023 84.5607034784465
1987 1569333 1866421 84.0824765687913
1988 1597992 1913426 83.51470085595157
1989 1649089 2000434 82.43656126620523
1990 1682234 2053109 81.93593228610852
1991 1642544 2019815 81.32150716773566
1992 1609979 1996771 80.62912572348056
1993 1566188 1960734 79.87763766018236
1994 1530343 1931513 79.23027181282238
1995 1498690 1903235 78.74434843831686
1996 1482393 1893868 78.27330099035413
1997 1463329 1884755 77.64027685295967
1998 1468893 1910887 76.86969454499403
1999 1466785 1919565 76.4123642596109
2000 1485061 1963202 75.64483940012286
2001 1456798 1942034 75.01403168018686
2002 1445510 1940525 74.49066618569718
2003 1460424 1974274 73.97271098135315
2004 1448132 1983722 73.00075312972282
2005 1440633 1996022 72.17520648570006
2006 1463263 2053753 71.24824650286573
2007 1460621 2073784 70.43264872330002
2008 1415337 2038194 69.44074018469291
2009 1358824 1981481 68.57618114935244
2010 1308312 1916476 68.26654755916589
2011 1292024 1896574 68.12410166964222
2012 1280464 1893975 67.60722818411014
2013 1274289 1888009 67.4937990232038
2014 1283884 1916564 66.98884044571432
2015 1270942 1911537 66.48796230467943
2016 1244983 1891585 65.8169207304985
2017 1202985 1842837 65.2789693282694
2018 1164024 1800392 64.6539198130185
