1880 77643 110490 70.27151778441488
1881 70711 100743 70.18949207389099
1882 78810 113686 69.3225199232975
1883 72981 104625 69.75483870967743
1884 78459 114442 68.55787210988973
1885 73405 107799 68.09432369502501
1886 75230 110785 67.90630500519023
1887 68752 101412 67.79473829527078
1888 81115 120851 67.11984178864884
1889 74265 110580 67.1595225176343
1890 73995 111025 66.6471515424454
1891 66949 101191 66.16102222529672
1892 80016 122037 65.56700017207896
1893 73582 112319 65.51162314479295
1894 75186 115769 64.94484706614033
1895 75955 117395 64.70037054389029
1896 76546 119567 64.019336438984
1897 72510 112757 64.30642886916111
1898 78936 122689 64.33828623592987
1899 67475 106210 63.52979945391206
1900 94627 150480 62.883439659755446
1901 66831 106469 62.77038386760465
1902 76606 122659 62.45444688119094
1903 74117 119232 62.16200348899624
1904 78825 128126 61.521471051933254
1905 80553 132311 60.881559356364924
1906 81336 133157 61.08278197916744
1907 88255 146829 60.107335744301196
1908 92761 154337 60.10289172395472
1909 97450 163998 59.42145635922389
1910 115163 194212 59.297571725743005
1911 134703 225970 59.61101031110324
1912 253566 429945 58.97638069985695
1913 301502 512567 58.821968640197284
1914 385151 654764 58.82287358498635
1915 497268 848592 58.59918547429154
1916 522224 890094 58.670657256424604
1917 545396 925494 58.93025778665232
1918 598227 1013488 59.026549895016025
1919 576939 980143 58.86273737607676
1920 634917 1064382 59.65123423733208
1921 661109 1101462 60.02104475687767
1922 651040 1088196 59.82745755360248
1923 660656 1096145 60.27085832622509
1924 684229 1132781 60.40258443600307
1925 676188 1115936 60.59379749376308
1926 673272 1110549 60.625150263518314
1927 684077 1126922 60.70313650811679
1928 673726 1107618 60.826566559951175
1929 656270 1075585 61.01516848970561
1930 670187 1097356 61.07288792333573
1931 633823 1039490 60.97442014834198
1932 633756 1044071 60.700469604078656
1933 601116 991368 60.635001331493456
1934 625018 1032445 60.53765575890241
1935 634415 1041150 60.934063295394516
1936 637837 1037085 61.50286620672365
1937 660917 1066515 61.969780078104854
1938 688624 1109012 62.09346697781448
1939 691338 1106703 62.46825028937303
1940 726893 1159000 62.717256255392584
1941 776947 1228121 63.263066098535894
1942 882741 1380903 63.9249100045405
1943 912488 1427032 63.94306504689453
1944 872875 1362698 64.05491165320562
1945 860616 1345631 63.9563149184286
1946 1048515 1623835 64.57029193236997
1947 1177392 1829376 64.36030646515533
1948 1124955 1754507 64.11801149838674
1949 1145296 1773712 64.57057290022281
1950 1160516 1790437 64.81747193562242
1951 1223489 1882870 64.98000393017043
1952 1261261 1943879 64.88371961423525
1953 1273211 1972766 64.53938277525059
1954 1316113 2038090 64.57580381631823
1955 1327852 2058831 64.49543454513751
1956 1350575 2114546 63.87068429818977
1957 1356296 2155711 62.9164113371412
1958 1315010 2120611 62.01090157506493
1959 1307131 2133306 61.27255067955558
1960 1297872 2132155 60.87137192183495
1961 1293041 2122664 60.915952783860284
1962 1256714 2068612 60.7515570827202
1963 1238093 2031353 60.949180176955956
1964 1221941 1992978 61.31231754690719
1965 1142128 1860820 61.37767220902612
1966 1101715 1783673 61.766646689163316
1967 1080184 1744172 61.93104808470724
1968 1072214 1738587 61.67157582565612
1969 1089199 1789069 60.88077094846538
1970 1115295 1859108 59.990866587632354
1971 1042160 1768955 58.913878532806095
1972 945922 1622400 58.303870808678504
1973 900994 1559219 57.78495516024369
1974 909008 1572966 57.78942456480305
1975 893016 1562114 57.16714657188911
1976 899046 1569818 57.27071545873471
1977 942291 1643809 57.32363066511985
1978 945967 1642571 57.590630785518556
1979 992667 1722262 57.637397794296106
1980 1029471 1784497 57.6897019160021
1981 1040566 1791595 58.080425542603095
1982 1055647 1814785 58.1692597194709
1983 1055518 1792662 58.87992270712493
1984 1057553 1804692 58.60019327397694
1985 1067443 1847889 57.765536782782945
1986 1048733 1841023 56.96468756772729
1987 1047790 1866421 56.1389954356493
1988 1055872 1913426 55.182275144165494
1989 1071135 2000434 53.545130706636655
1990 1074812 2053109 52.35045971743342
1991 1034208 2019815 51.20310523488537
1992 997926 1996771 49.976987846878785
1993 956586 1960734 48.787137877957946
1994 922635 1931513 47.76747554896084
1995 887274 1903235 46.61925616122024
1996 859486 1893868 45.38257154141683
1997 836733 1884755 44.39478871259129
1998 832349 1910887 43.558253313775225
1999 816095 1919565 42.51458012622651
2000 805984 1963202 41.054562902849526
2001 778989 1942034 40.11201657643481
2002 763671 1940525 39.35383465814664
2003 753602 1974274 38.17109479231353
2004 732245 1983722 36.91268232141399
2005 716742 1996022 35.90852205035816
2006 714068 2053753 34.76893277818706
2007 706373 2073784 34.06203346153698
2008 674458 2038194 33.09096190058454
2009 641332 1981481 32.36629571517466
2010 615164 1916476 32.09870616694391
2011 596921 1896574 31.47364669134977
2012 585370 1893975 30.906954949246956
2013 572807 1888009 30.339209188091793
2014 572822 1916564 29.88796617279673
2015 562841 1911537 29.44442090317896
2016 544675 1891585 28.79463518689353
2017 521339 1842837 28.290022394818426
2018 495934 1800392 27.545890006176432
