1880 106222 110490 96.13720698705765
1881 97065 100743 96.34912599386558
1882 109082 113686 95.95024893126683
1883 100571 104625 96.1252090800478
1884 109626 114442 95.79175477534471
1885 103196 107799 95.73001604838635
1886 106106 110785 95.7765040393555
1887 97140 101412 95.78748077150632
1888 115332 120851 95.43321941895393
1889 105715 110580 95.60047024778441
1890 105790 111025 95.28484575546048
1891 96474 101191 95.33851824767025
1892 115755 122037 94.85238083532043
1893 106799 112319 95.08542633036264
1894 109658 115769 94.72138482668072
1895 111140 117395 94.67183440521318
1896 112930 119567 94.4491373037711
1897 106657 112757 94.59013631082772
1898 115946 122689 94.50398976273343
1899 100457 106210 94.58337256378873
1900 140772 150480 93.54864433811802
1901 100548 106469 94.43875682123435
1902 115434 122659 94.10968620321378
1903 112080 119232 94.00161030595812
1904 120111 128126 93.74443906779264
1905 123751 132311 93.53039429828208
1906 124544 133157 93.5316956675203
1907 136525 146829 92.9823127583788
1908 143463 154337 92.9543790536294
1909 151788 163998 92.5547872535031
1910 179290 194212 92.31664366774453
1911 208557 225970 92.29410983758906
1912 394043 429945 91.64962960378654
1913 468920 512567 91.48462542457864
1914 596946 654764 91.16964280259758
1915 772115 848592 90.98777740068255
1916 809978 890094 90.99915289845791
1917 842451 925494 91.02717035442693
1918 923966 1013488 91.16694030911071
1919 891045 980143 90.90969378957968
1920 969676 1064382 91.10225464166061
1921 1004812 1101462 91.22529873931194
1922 991808 1088196 91.14240449330819
1923 1001730 1096145 91.38663224299705
1924 1035710 1132781 91.43073550845222
1925 1022992 1115936 91.67120695093625
1926 1018647 1110549 91.72463349208364
1927 1033616 1126922 91.72027877705821
1928 1017343 1107618 91.84962685691276
1929 989610 1075585 92.00667543708772
1930 1010675 1097356 92.10092258118605
1931 959209 1039490 92.27688578052698
1932 963595 1044071 92.29209507782517
1933 916004 991368 92.39797935781667
1934 954933 1032445 92.49238458222956
1935 964973 1041150 92.68337895596216
1936 963930 1037085 92.94609410029072
1937 992176 1066515 93.02972766440229
1938 1034131 1109012 93.24795403476247
1939 1034009 1106703 93.43148071343441
1940 1084024 1159000 93.53097497842968
1941 1152022 1228121 93.80362358432109
1942 1299532 1380903 94.10740653036456
1943 1344515 1427032 94.21757886298275
1944 1286204 1362698 94.3865772166687
1945 1272219 1345631 94.54441819488405
1946 1540346 1623835 94.85852934565396
1947 1736063 1829376 94.89918966904563
1948 1664568 1754507 94.87383065442316
1949 1682930 1773712 94.8818071930505
1950 1699432 1790437 94.91716268151295
1951 1788670 1882870 94.99699926176528
1952 1847772 1943879 95.05591654624594
1953 1873795 1972766 94.98313535411701
1954 1936104 2038090 94.99600115794689
1955 1955073 2058831 94.96034400103748
1956 2007166 2114546 94.92184137871675
1957 2045046 2155711 94.86642690045187
1958 2010835 2120611 94.8233787337706
1959 2020515 2133306 94.71285413344359
1960 2017698 2132155 94.63186306811653
1961 2007178 2122664 94.5593838685727
1962 1955453 2068612 94.52971364373792
1963 1917746 2031353 94.40732359171449
1964 1880105 1992978 94.33646532977284
1965 1754119 1860820 94.26591502670865
1966 1678375 1783673 94.09656366385542
1967 1639193 1744172 93.98115552823919
1968 1629116 1738587 93.70344998553422
1969 1669200 1789069 93.29992303259405
1970 1725583 1859108 92.8177921885119
1971 1631481 1768955 92.22851909743322
1972 1488233 1622400 91.73033777120315
1973 1423829 1559219 91.31680668334596
1974 1432318 1572966 91.05842084317143
1975 1414562 1562114 90.55433854379386
1976 1418432 1569818 90.35646170447784
1977 1483483 1643809 90.24667707744635
1978 1482420 1642571 90.24998006174468
1979 1552631 1722262 90.1506855519079
1980 1608937 1784497 90.16193358688751
1981 1617672 1791595 90.2922814587002
1982 1637846 1814785 90.25013982372568
1983 1620547 1792662 90.39891513291407
1984 1630004 1804692 90.32034275100682
1985 1662955 1847889 89.9921477967562
1986 1649388 1841023 89.59084161360286
1987 1665733 1866421 89.24744202942423
1988 1699307 1913426 88.80965346974484
1989 1759380 2000434 87.94991486847354
1990 1799781 2053109 87.66124935402844
1991 1760192 2019815 87.14619903307977
1992 1728706 1996771 86.57507545932908
1993 1685968 1960734 85.9865744154995
1994 1650347 1931513 85.44322507795702
1995 1619840 1903235 85.10982616439904
1996 1603500 1893868 84.66799164461304
1997 1585971 1884755 84.14732949375383
1998 1595634 1910887 83.50226884164265
1999 1594966 1919565 83.08997090486648
2000 1617063 1963202 82.36865080618297
2001 1588275 1942034 81.7840985276262
2002 1577823 1940525 81.30907872869454
2003 1596843 1974274 80.88254213954092
2004 1588471 1983722 80.07528272610779
2005 1585904 1996022 79.45323247940152
2006 1613536 2053753 78.56524129240469
2007 1613682 2073784 77.81340776088541
2008 1570236 2038194 77.04055649265968
2009 1510831 1981481 76.24756432183806
2010 1455680 1916476 75.95607771764425
2011 1439700 1896574 75.910562941388
2012 1431497 1893975 75.58162066553149
2013 1429588 1888009 75.71934243957523
2014 1444547 1916564 75.37170686708087
2015 1435261 1911537 75.08413386714462
2016 1411044 1891585 74.59585479901776
2017 1366786 1842837 74.16749283848762
2018 1325043 1800392 73.59747210607468
